1
292.2300,128.3600,145.9600,132.4700
292.2300,128.3600,145.9600,132.4700
292.2300,128.3600,145.9600,132.4700
292.2300,128.3600,145.9600,132.4700
292.2300,128.3600,145.9600,132.4700
292.2300,128.3600,145.9600,132.4700
292.2300,128.3600,145.9600,132.4700
292.2300,128.3600,145.9600,132.4700
292.2300,128.3600,145.9600,132.4700
292.2300,128.3600,145.9600,132.4700
292.2300,128.3600,145.9600,132.4700
292.2300,128.3600,145.9600,132.4700
292.2300,128.3600,145.9600,132.4700
292.2300,128.3600,145.9600,132.4700
292.2300,128.3600,145.9600,132.4700
292.2300,128.3600,145.9600,132.4700
292.2300,128.3600,145.9600,132.4700
292.2300,128.3600,145.9600,132.4700
292.2300,128.3600,145.9600,132.4700
292.2300,128.3600,145.9600,132.4700
292.2300,128.3600,145.9600,132.4700
292.2300,128.3600,145.9600,132.4700
292.2300,128.3600,145.9600,132.4700
292.2300,128.3600,145.9600,132.4700
292.2300,128.3600,145.9600,132.4700
292.2300,128.3600,145.9600,132.4700
292.2300,128.3600,145.9600,132.4700
292.2300,128.3600,145.9600,132.4700
292.2300,128.3600,145.9600,132.4700
2
0
0
0
0
1
200.3100,186.2200,105.1100,107.4100
200.3100,186.2200,105.1100,107.4100
200.3100,186.2200,105.1100,107.4100
200.3100,186.2200,105.1100,107.4100
200.3100,186.2200,105.1100,107.4100
200.3100,186.2200,105.1100,107.4100
200.3100,186.2200,105.1100,107.4100
200.3100,186.2200,105.1100,107.4100
200.3100,186.2200,105.1100,107.4100
200.3100,186.2200,105.1100,107.4100
200.3100,186.2200,105.1100,107.4100
200.3100,186.2200,105.1100,107.4100
200.3100,186.2200,105.1100,107.4100
200.3100,186.2200,105.1100,107.4100
2
0
0
0
0
1
246.0000,75.7090,48.1800,62.0910
246.0000,75.7090,48.1800,62.0910
246.0000,75.7090,48.1800,62.0910
246.0000,75.7090,48.1800,62.0910
246.0000,75.7090,48.1800,62.0910
246.0000,75.7090,48.1800,62.0910
246.0000,75.7090,48.1800,62.0910
246.0000,75.7090,48.1800,62.0910
246.0000,75.7090,48.1800,62.0910
2
0
0
0
0
1
138.8500,95.4030,70.7300,74.0670
138.8500,95.4030,70.7300,74.0670
138.8500,95.4030,70.7300,74.0670
138.8500,95.4030,70.7300,74.0670
138.8500,95.4030,70.7300,74.0670
138.8500,95.4030,70.7300,74.0670
138.8500,95.4030,70.7300,74.0670
138.8500,95.4030,70.7300,74.0670
138.8500,95.4030,70.7300,74.0670
138.8500,95.4030,70.7300,74.0670
138.8500,95.4030,70.7300,74.0670
138.8500,95.4030,70.7300,74.0670
138.8500,95.4030,70.7300,74.0670
138.8500,95.4030,70.7300,74.0670
138.8500,95.4030,70.7300,74.0670
138.8500,95.4030,70.7300,74.0670
138.8500,95.4030,70.7300,74.0670
138.8500,95.4030,70.7300,74.0670
138.8500,95.4030,70.7300,74.0670
138.8500,95.4030,70.7300,74.0670
138.8500,95.4030,70.7300,74.0670
138.8500,95.4030,70.7300,74.0670
138.8500,95.4030,70.7300,74.0670
138.8500,95.4030,70.7300,74.0670
138.8500,95.4030,70.7300,74.0670
138.8500,95.4030,70.7300,74.0670
138.8500,95.4030,70.7300,74.0670
138.8500,95.4030,70.7300,74.0670
138.8500,95.4030,70.7300,74.0670
138.8500,95.4030,70.7300,74.0670
138.8500,95.4030,70.7300,74.0670
138.8500,95.4030,70.7300,74.0670
138.8500,95.4030,70.7300,74.0670
138.8500,95.4030,70.7300,74.0670
138.8500,95.4030,70.7300,74.0670
138.8500,95.4030,70.7300,74.0670
138.8500,95.4030,70.7300,74.0670
138.8500,95.4030,70.7300,74.0670
138.8500,95.4030,70.7300,74.0670
138.8500,95.4030,70.7300,74.0670
138.8500,95.4030,70.7300,74.0670
138.8500,95.4030,70.7300,74.0670
138.8500,95.4030,70.7300,74.0670
138.8500,95.4030,70.7300,74.0670
138.8500,95.4030,70.7300,74.0670
138.8500,95.4030,70.7300,74.0670
138.8500,95.4030,70.7300,74.0670
138.8500,95.4030,70.7300,74.0670
138.8500,95.4030,70.7300,74.0670
138.8500,95.4030,70.7300,74.0670
138.8500,95.4030,70.7300,74.0670
138.8500,95.4030,70.7300,74.0670
138.8500,95.4030,70.7300,74.0670
138.8500,95.4030,70.7300,74.0670
138.8500,95.4030,70.7300,74.0670
138.8500,95.4030,70.7300,74.0670
138.8500,95.4030,70.7300,74.0670
138.8500,95.4030,70.7300,74.0670
138.8500,95.4030,70.7300,74.0670
138.8500,95.4030,70.7300,74.0670
138.8500,95.4030,70.7300,74.0670
138.8500,95.4030,70.7300,74.0670
138.8500,95.4030,70.7300,74.0670
138.8500,95.4030,70.7300,74.0670
138.8500,95.4030,70.7300,74.0670
138.8500,95.4030,70.7300,74.0670
138.8500,95.4030,70.7300,74.0670
138.8500,95.4030,70.7300,74.0670
138.8500,95.4030,70.7300,74.0670
138.8500,95.4030,70.7300,74.0670
138.8500,95.4030,70.7300,74.0670
138.8500,95.4030,70.7300,74.0670
138.8500,95.4030,70.7300,74.0670
138.8500,95.4030,70.7300,74.0670
138.8500,95.4030,70.7300,74.0670
138.8500,95.4030,70.7300,74.0670
138.8500,95.4030,70.7300,74.0670
138.8500,95.4030,70.7300,74.0670
138.8500,95.4030,70.7300,74.0670
138.8500,95.4030,70.7300,74.0670
138.8500,95.4030,70.7300,74.0670
138.8500,95.4030,70.7300,74.0670
138.8500,95.4030,70.7300,74.0670
138.8500,95.4030,70.7300,74.0670
138.8500,95.4030,70.7300,74.0670
138.8500,95.4030,70.7300,74.0670
138.8500,95.4030,70.7300,74.0670
138.8500,95.4030,70.7300,74.0670
138.8500,95.4030,70.7300,74.0670
138.8500,95.4030,70.7300,74.0670
138.8500,95.4030,70.7300,74.0670
138.8500,95.4030,70.7300,74.0670
138.8500,95.4030,70.7300,74.0670
138.8500,95.4030,70.7300,74.0670
138.8500,95.4030,70.7300,74.0670
138.8500,95.4030,70.7300,74.0670
138.8500,95.4030,70.7300,74.0670
138.8500,95.4030,70.7300,74.0670
138.8500,95.4030,70.7300,74.0670
138.8500,95.4030,70.7300,74.0670
138.8500,95.4030,70.7300,74.0670
138.8500,95.4030,70.7300,74.0670
138.8500,95.4030,70.7300,74.0670
138.8500,95.4030,70.7300,74.0670
138.8500,95.4030,70.7300,74.0670
138.8500,95.4030,70.7300,74.0670
138.8500,95.4030,70.7300,74.0670
138.8500,95.4030,70.7300,74.0670
138.8500,95.4030,70.7300,74.0670
138.8500,95.4030,70.7300,74.0670
138.8500,95.4030,70.7300,74.0670
138.8500,95.4030,70.7300,74.0670
138.8500,95.4030,70.7300,74.0670
138.8500,95.4030,70.7300,74.0670
138.8500,95.4030,70.7300,74.0670
138.8500,95.4030,70.7300,74.0670
138.8500,95.4030,70.7300,74.0670
138.8500,95.4030,70.7300,74.0670
138.8500,95.4030,70.7300,74.0670
138.8500,95.4030,70.7300,74.0670
138.8500,95.4030,70.7300,74.0670
138.8500,95.4030,70.7300,74.0670
138.8500,95.4030,70.7300,74.0670
138.8500,95.4030,70.7300,74.0670
138.8500,95.4030,70.7300,74.0670
