1
507.000000,198.000000,55.000000,30.000000
503.000000,198.000000,55.000000,30.000000
490.000000,197.000000,55.000000,30.000000
480.000000,199.000000,55.000000,30.000000
477.000000,198.000000,55.000000,30.000000
469.000000,196.000000,55.000000,30.000000
445.000000,192.000000,55.000000,30.000000
428.000000,191.000000,55.000000,30.000000
427.000000,188.000000,55.000000,30.000000
414.000000,190.000000,55.000000,30.000000
401.000000,188.000000,55.000000,30.000000
392.000000,182.000000,55.000000,30.000000
374.000000,175.000000,55.000000,30.000000
369.000000,178.000000,55.000000,30.000000
356.000000,174.000000,55.000000,30.000000
345.000000,181.000000,55.000000,30.000000
336.000000,177.000000,55.000000,30.000000
319.000000,170.000000,55.000000,30.000000
297.000000,163.000000,55.000000,30.000000
291.000000,166.000000,55.000000,30.000000
282.000000,164.000000,55.000000,30.000000
274.000000,158.000000,55.000000,30.000000
243.000000,173.000000,55.000000,30.000000
256.000000,158.000000,55.000000,30.000000
249.000000,155.000000,55.000000,30.000000
245.000000,156.000000,55.000000,30.000000
237.000000,160.000000,55.000000,30.000000
228.000000,157.000000,55.000000,30.000000
223.000000,156.000000,55.000000,30.000000
220.000000,155.000000,55.000000,30.000000
205.000000,156.000000,55.000000,30.000000
189.000000,158.000000,55.000000,30.000000
183.000000,156.000000,55.000000,30.000000
171.000000,151.000000,55.000000,30.000000
169.000000,146.000000,55.000000,30.000000
155.000000,154.000000,55.000000,30.000000
148.000000,154.000000,55.000000,30.000000
150.000000,154.000000,55.000000,30.000000
159.000000,155.000000,55.000000,30.000000
147.000000,154.000000,55.000000,30.000000
148.000000,162.000000,55.000000,30.000000
134.000000,166.000000,55.000000,30.000000
131.000000,167.000000,55.000000,30.000000
140.000000,171.000000,55.000000,30.000000
163.000000,170.000000,55.000000,30.000000
142.000000,151.000000,55.000000,30.000000
2
0
0
0
0
1
151.000000,171.000000,48.000000,37.000000
158.000000,174.000000,48.000000,37.000000
164.000000,175.000000,48.000000,37.000000
168.000000,177.000000,48.000000,37.000000
171.000000,174.000000,48.000000,37.000000
171.000000,176.000000,48.000000,37.000000
171.000000,182.000000,48.000000,37.000000
175.000000,180.000000,48.000000,37.000000
179.000000,192.000000,48.000000,37.000000
183.000000,188.000000,48.000000,37.000000
163.000000,171.000000,48.000000,37.000000
170.000000,175.000000,48.000000,37.000000
189.000000,187.000000,48.000000,37.000000
205.000000,200.000000,48.000000,37.000000
2
0
0
0
0
1
196.000000,184.000000,44.000000,54.000000
197.000000,186.000000,44.000000,54.000000
202.000000,189.000000,44.000000,54.000000
207.000000,195.000000,44.000000,54.000000
210.000000,195.000000,44.000000,54.000000
206.000000,195.000000,44.000000,54.000000
214.000000,203.000000,44.000000,54.000000
230.000000,219.000000,44.000000,54.000000
218.000000,213.000000,44.000000,54.000000
198.000000,220.000000,44.000000,54.000000
2
0
0
0
0
1
227.000000,215.000000,64.000000,64.000000
231.000000,220.000000,64.000000,64.000000
227.000000,220.000000,64.000000,64.000000
228.000000,219.000000,64.000000,64.000000
215.000000,213.000000,64.000000,64.000000
223.000000,220.000000,64.000000,64.000000
218.000000,207.000000,64.000000,64.000000
242.000000,216.000000,64.000000,64.000000
261.000000,226.000000,64.000000,64.000000
252.000000,231.000000,64.000000,64.000000
236.000000,216.000000,64.000000,64.000000
235.000000,221.000000,64.000000,64.000000
253.000000,234.000000,64.000000,64.000000
251.000000,239.000000,64.000000,64.000000
264.000000,237.000000,64.000000,64.000000
235.000000,224.000000,64.000000,64.000000
232.000000,224.000000,64.000000,64.000000
217.000000,214.000000,64.000000,64.000000
2
0
0
0
0
1
263.000000,271.000000,70.000000,67.000000
265.000000,272.000000,70.000000,67.000000
265.000000,276.000000,70.000000,67.000000
253.000000,277.000000,70.000000,67.000000
257.000000,282.000000,70.000000,67.000000
253.000000,278.000000,70.000000,67.000000
254.000000,282.000000,70.000000,67.000000
262.000000,285.000000,70.000000,67.000000
259.000000,288.000000,70.000000,67.000000
249.000000,289.000000,70.000000,67.000000
232.000000,292.000000,70.000000,67.000000
245.000000,302.000000,70.000000,67.000000
250.000000,299.000000,70.000000,67.000000
228.000000,309.000000,70.000000,67.000000
246.000000,302.000000,70.000000,67.000000
230.000000,301.000000,70.000000,67.000000
221.000000,292.000000,70.000000,67.000000
226.000000,288.000000,70.000000,67.000000
250.000000,305.000000,70.000000,67.000000
291.000000,295.000000,70.000000,67.000000
273.000000,303.000000,70.000000,67.000000
262.000000,270.000000,70.000000,67.000000
238.000000,268.000000,70.000000,67.000000
268.000000,270.000000,70.000000,67.000000
305.000000,291.000000,70.000000,67.000000
300.000000,313.000000,70.000000,67.000000
2
0
0
0
0
1
241.000000,363.000000,48.000000,14.000000
242.000000,364.000000,48.000000,14.000000
251.000000,362.000000,48.000000,14.000000
242.000000,363.000000,48.000000,14.000000
253.000000,364.000000,48.000000,14.000000
257.000000,374.000000,48.000000,14.000000
267.000000,374.000000,48.000000,14.000000
2
0
0
0
0
0
