1
505.000000,198.000000,55.000000,30.000000
503.000000,197.000000,55.000000,30.000000
491.000000,197.000000,55.000000,30.000000
477.000000,199.000000,55.000000,30.000000
475.000000,198.000000,55.000000,30.000000
469.000000,194.000000,55.000000,30.000000
446.000000,191.000000,55.000000,30.000000
432.000000,191.000000,55.000000,30.000000
427.000000,188.000000,55.000000,30.000000
416.000000,190.000000,55.000000,30.000000
400.000000,188.000000,55.000000,30.000000
391.000000,180.000000,55.000000,30.000000
375.000000,175.000000,55.000000,30.000000
369.000000,178.000000,55.000000,30.000000
354.000000,173.000000,55.000000,30.000000
340.000000,181.000000,55.000000,30.000000
336.000000,176.000000,55.000000,30.000000
325.000000,170.000000,55.000000,30.000000
301.000000,164.000000,55.000000,30.000000
291.000000,165.000000,55.000000,30.000000
285.000000,164.000000,55.000000,30.000000
274.000000,159.000000,55.000000,30.000000
257.000000,177.000000,55.000000,30.000000
257.000000,156.000000,55.000000,30.000000
249.000000,156.000000,55.000000,30.000000
247.000000,158.000000,55.000000,30.000000
236.000000,163.000000,55.000000,30.000000
227.000000,159.000000,55.000000,30.000000
223.000000,159.000000,55.000000,30.000000
221.000000,155.000000,55.000000,30.000000
216.000000,161.000000,55.000000,30.000000
193.000000,163.000000,55.000000,30.000000
184.000000,156.000000,55.000000,30.000000
175.000000,144.000000,55.000000,30.000000
177.000000,139.000000,55.000000,30.000000
160.000000,151.000000,55.000000,30.000000
149.000000,153.000000,55.000000,30.000000
151.000000,153.000000,55.000000,30.000000
151.000000,168.000000,55.000000,30.000000
149.000000,151.000000,55.000000,30.000000
121.000000,164.000000,55.000000,30.000000
119.000000,164.000000,55.000000,30.000000
95.000000,169.000000,55.000000,30.000000
2
0
0
0
0
1
146.000000,180.000000,38.000000,24.000000
147.000000,172.000000,38.000000,24.000000
147.000000,173.000000,38.000000,24.000000
144.000000,175.000000,38.000000,24.000000
126.000000,172.000000,38.000000,24.000000
131.000000,201.000000,38.000000,24.000000
145.000000,205.000000,38.000000,24.000000
149.000000,207.000000,38.000000,24.000000
152.000000,209.000000,38.000000,24.000000
154.000000,210.000000,38.000000,24.000000
171.000000,199.000000,38.000000,24.000000
174.000000,215.000000,38.000000,24.000000
172.000000,220.000000,38.000000,24.000000
184.000000,202.000000,38.000000,24.000000
184.000000,204.000000,38.000000,24.000000
185.000000,207.000000,38.000000,24.000000
2
0
0
0
0
1
193.000000,183.000000,46.000000,53.000000
197.000000,182.000000,46.000000,53.000000
200.000000,187.000000,46.000000,53.000000
202.000000,188.000000,46.000000,53.000000
208.000000,194.000000,46.000000,53.000000
209.000000,196.000000,46.000000,53.000000
208.000000,194.000000,46.000000,53.000000
216.000000,200.000000,46.000000,53.000000
226.000000,215.000000,46.000000,53.000000
217.000000,211.000000,46.000000,53.000000
206.000000,216.000000,46.000000,53.000000
190.000000,227.000000,46.000000,53.000000
196.000000,231.000000,46.000000,53.000000
212.000000,222.000000,46.000000,53.000000
202.000000,201.000000,46.000000,53.000000
2
0
0
0
0
1
241.000000,216.000000,62.000000,64.000000
247.000000,221.000000,62.000000,64.000000
247.000000,220.000000,62.000000,64.000000
257.000000,225.000000,62.000000,64.000000
240.000000,234.000000,62.000000,64.000000
240.000000,248.000000,62.000000,64.000000
263.000000,234.000000,62.000000,64.000000
248.000000,260.000000,62.000000,64.000000
262.000000,246.000000,62.000000,64.000000
268.000000,240.000000,62.000000,64.000000
270.000000,243.000000,62.000000,64.000000
268.000000,241.000000,62.000000,64.000000
276.000000,251.000000,62.000000,64.000000
275.000000,250.000000,62.000000,64.000000
275.000000,255.000000,62.000000,64.000000
260.000000,247.000000,62.000000,64.000000
261.000000,251.000000,62.000000,64.000000
252.000000,245.000000,62.000000,64.000000
262.000000,251.000000,62.000000,64.000000
258.000000,255.000000,62.000000,64.000000
258.000000,266.000000,62.000000,64.000000
269.000000,272.000000,62.000000,64.000000
263.000000,278.000000,62.000000,64.000000
253.000000,279.000000,62.000000,64.000000
241.000000,274.000000,62.000000,64.000000
241.000000,284.000000,62.000000,64.000000
248.000000,287.000000,62.000000,64.000000
259.000000,279.000000,62.000000,64.000000
246.000000,293.000000,62.000000,64.000000
246.000000,292.000000,62.000000,64.000000
234.000000,294.000000,62.000000,64.000000
230.000000,298.000000,62.000000,64.000000
236.000000,296.000000,62.000000,64.000000
242.000000,300.000000,62.000000,64.000000
239.000000,311.000000,62.000000,64.000000
232.000000,310.000000,62.000000,64.000000
221.000000,301.000000,62.000000,64.000000
226.000000,307.000000,62.000000,64.000000
247.000000,313.000000,62.000000,64.000000
230.000000,311.000000,62.000000,64.000000
249.000000,308.000000,62.000000,64.000000
246.000000,316.000000,62.000000,64.000000
252.000000,319.000000,62.000000,64.000000
256.000000,319.000000,62.000000,64.000000
261.000000,321.000000,62.000000,64.000000
259.000000,324.000000,62.000000,64.000000
226.000000,320.000000,62.000000,64.000000
246.000000,330.000000,62.000000,64.000000
222.000000,306.000000,62.000000,64.000000
2
0
0
0
0
1
243.000000,346.000000,49.000000,26.000000
268.000000,347.000000,49.000000,26.000000
283.000000,355.000000,49.000000,26.000000
270.000000,322.000000,49.000000,26.000000
2
0
0
0
0
0
