1
505.000000,198.000000,55.000000,30.000000
503.000000,197.000000,55.000000,30.000000
491.000000,197.000000,55.000000,30.000000
478.000000,200.000000,55.000000,30.000000
477.000000,198.000000,55.000000,30.000000
469.000000,195.000000,55.000000,30.000000
449.000000,192.000000,55.000000,30.000000
435.000000,191.000000,55.000000,30.000000
427.000000,188.000000,55.000000,30.000000
411.000000,190.000000,55.000000,30.000000
404.000000,188.000000,55.000000,30.000000
391.000000,182.000000,55.000000,30.000000
371.000000,174.000000,55.000000,30.000000
370.000000,177.000000,55.000000,30.000000
354.000000,174.000000,55.000000,30.000000
341.000000,180.000000,55.000000,30.000000
339.000000,177.000000,55.000000,30.000000
318.000000,170.000000,55.000000,30.000000
297.000000,165.000000,55.000000,30.000000
294.000000,166.000000,55.000000,30.000000
286.000000,165.000000,55.000000,30.000000
273.000000,160.000000,55.000000,30.000000
248.000000,177.000000,55.000000,30.000000
255.000000,156.000000,55.000000,30.000000
250.000000,155.000000,55.000000,30.000000
246.000000,157.000000,55.000000,30.000000
238.000000,162.000000,55.000000,30.000000
228.000000,158.000000,55.000000,30.000000
222.000000,158.000000,55.000000,30.000000
221.000000,154.000000,55.000000,30.000000
214.000000,157.000000,55.000000,30.000000
192.000000,159.000000,55.000000,30.000000
193.000000,156.000000,55.000000,30.000000
176.000000,146.000000,55.000000,30.000000
180.000000,136.000000,55.000000,30.000000
161.000000,150.000000,55.000000,30.000000
149.000000,151.000000,55.000000,30.000000
154.000000,150.000000,55.000000,30.000000
162.000000,154.000000,55.000000,30.000000
149.000000,145.000000,55.000000,30.000000
152.000000,159.000000,55.000000,30.000000
2
0
0
0
0
1
142.000000,174.000000,40.000000,33.000000
150.000000,173.000000,40.000000,33.000000
147.000000,177.000000,40.000000,33.000000
174.000000,192.000000,40.000000,33.000000
175.000000,181.000000,40.000000,33.000000
158.000000,160.000000,40.000000,33.000000
169.000000,182.000000,40.000000,33.000000
159.000000,198.000000,40.000000,33.000000
161.000000,204.000000,40.000000,33.000000
145.000000,193.000000,40.000000,33.000000
130.000000,191.000000,40.000000,33.000000
152.000000,191.000000,40.000000,33.000000
161.000000,206.000000,40.000000,33.000000
156.000000,205.000000,40.000000,33.000000
167.000000,211.000000,40.000000,33.000000
176.000000,214.000000,40.000000,33.000000
167.000000,206.000000,40.000000,33.000000
166.000000,213.000000,40.000000,33.000000
2
0
0
0
0
1
193.000000,182.000000,46.000000,53.000000
196.000000,183.000000,46.000000,53.000000
198.000000,187.000000,46.000000,53.000000
202.000000,190.000000,46.000000,53.000000
207.000000,195.000000,46.000000,53.000000
209.000000,194.000000,46.000000,53.000000
208.000000,197.000000,46.000000,53.000000
216.000000,203.000000,46.000000,53.000000
224.000000,214.000000,46.000000,53.000000
215.000000,211.000000,46.000000,53.000000
206.000000,218.000000,46.000000,53.000000
186.000000,229.000000,46.000000,53.000000
196.000000,232.000000,46.000000,53.000000
211.000000,223.000000,46.000000,53.000000
200.000000,199.000000,46.000000,53.000000
2
0
0
0
0
1
240.000000,216.000000,62.000000,64.000000
250.000000,222.000000,62.000000,64.000000
245.000000,220.000000,62.000000,64.000000
260.000000,224.000000,62.000000,64.000000
252.000000,232.000000,62.000000,64.000000
241.000000,247.000000,62.000000,64.000000
265.000000,238.000000,62.000000,64.000000
245.000000,255.000000,62.000000,64.000000
263.000000,244.000000,62.000000,64.000000
270.000000,245.000000,62.000000,64.000000
270.000000,245.000000,62.000000,64.000000
267.000000,241.000000,62.000000,64.000000
275.000000,250.000000,62.000000,64.000000
274.000000,248.000000,62.000000,64.000000
273.000000,255.000000,62.000000,64.000000
268.000000,251.000000,62.000000,64.000000
262.000000,254.000000,62.000000,64.000000
259.000000,246.000000,62.000000,64.000000
264.000000,250.000000,62.000000,64.000000
257.000000,256.000000,62.000000,64.000000
258.000000,269.000000,62.000000,64.000000
270.000000,272.000000,62.000000,64.000000
263.000000,278.000000,62.000000,64.000000
253.000000,282.000000,62.000000,64.000000
242.000000,272.000000,62.000000,64.000000
237.000000,288.000000,62.000000,64.000000
243.000000,287.000000,62.000000,64.000000
254.000000,289.000000,62.000000,64.000000
242.000000,294.000000,62.000000,64.000000
239.000000,294.000000,62.000000,64.000000
234.000000,295.000000,62.000000,64.000000
230.000000,297.000000,62.000000,64.000000
238.000000,297.000000,62.000000,64.000000
242.000000,300.000000,62.000000,64.000000
237.000000,314.000000,62.000000,64.000000
234.000000,310.000000,62.000000,64.000000
222.000000,301.000000,62.000000,64.000000
226.000000,308.000000,62.000000,64.000000
246.000000,313.000000,62.000000,64.000000
228.000000,309.000000,62.000000,64.000000
247.000000,312.000000,62.000000,64.000000
245.000000,315.000000,62.000000,64.000000
249.000000,321.000000,62.000000,64.000000
257.000000,319.000000,62.000000,64.000000
260.000000,322.000000,62.000000,64.000000
258.000000,324.000000,62.000000,64.000000
232.000000,318.000000,62.000000,64.000000
247.000000,338.000000,62.000000,64.000000
229.000000,313.000000,62.000000,64.000000
2
0
0
0
0
1
244.000000,346.000000,49.000000,26.000000
252.000000,341.000000,49.000000,26.000000
272.000000,347.000000,49.000000,26.000000
2
0
0
0
0
1
223.000000,339.000000,67.000000,37.000000
