1
506.000000,198.000000,55.000000,30.000000
504.000000,197.000000,55.000000,30.000000
491.000000,197.000000,55.000000,30.000000
475.000000,199.000000,55.000000,30.000000
475.000000,198.000000,55.000000,30.000000
468.000000,192.000000,55.000000,30.000000
442.000000,193.000000,55.000000,30.000000
439.000000,192.000000,55.000000,30.000000
428.000000,188.000000,55.000000,30.000000
412.000000,190.000000,55.000000,30.000000
403.000000,188.000000,55.000000,30.000000
389.000000,182.000000,55.000000,30.000000
376.000000,174.000000,55.000000,30.000000
370.000000,178.000000,55.000000,30.000000
354.000000,174.000000,55.000000,30.000000
342.000000,180.000000,55.000000,30.000000
338.000000,178.000000,55.000000,30.000000
318.000000,172.000000,55.000000,30.000000
299.000000,166.000000,55.000000,30.000000
293.000000,166.000000,55.000000,30.000000
286.000000,164.000000,55.000000,30.000000
274.000000,158.000000,55.000000,30.000000
258.000000,177.000000,55.000000,30.000000
255.000000,156.000000,55.000000,30.000000
250.000000,154.000000,55.000000,30.000000
244.000000,157.000000,55.000000,30.000000
236.000000,162.000000,55.000000,30.000000
226.000000,158.000000,55.000000,30.000000
222.000000,158.000000,55.000000,30.000000
222.000000,153.000000,55.000000,30.000000
212.000000,155.000000,55.000000,30.000000
189.000000,158.000000,55.000000,30.000000
177.000000,154.000000,55.000000,30.000000
163.000000,149.000000,55.000000,30.000000
176.000000,140.000000,55.000000,30.000000
159.000000,149.000000,55.000000,30.000000
148.000000,151.000000,55.000000,30.000000
148.000000,153.000000,55.000000,30.000000
152.000000,155.000000,55.000000,30.000000
146.000000,145.000000,55.000000,30.000000
149.000000,159.000000,55.000000,30.000000
123.000000,165.000000,55.000000,30.000000
97.000000,161.000000,55.000000,30.000000
2
0
0
0
0
1
146.000000,180.000000,38.000000,24.000000
147.000000,175.000000,38.000000,24.000000
147.000000,172.000000,38.000000,24.000000
144.000000,174.000000,38.000000,24.000000
131.000000,172.000000,38.000000,24.000000
142.000000,195.000000,38.000000,24.000000
151.000000,210.000000,38.000000,24.000000
2
0
0
0
0
1
169.000000,173.000000,53.000000,51.000000
178.000000,178.000000,53.000000,51.000000
177.000000,177.000000,53.000000,51.000000
189.000000,177.000000,53.000000,51.000000
191.000000,178.000000,53.000000,51.000000
195.000000,172.000000,53.000000,51.000000
192.000000,183.000000,53.000000,51.000000
210.000000,173.000000,53.000000,51.000000
199.000000,193.000000,53.000000,51.000000
202.000000,188.000000,53.000000,51.000000
213.000000,181.000000,53.000000,51.000000
215.000000,182.000000,53.000000,51.000000
208.000000,194.000000,53.000000,51.000000
219.000000,197.000000,53.000000,51.000000
221.000000,197.000000,53.000000,51.000000
247.000000,178.000000,53.000000,51.000000
2
0
0
0
0
1
232.000000,218.000000,41.000000,45.000000
232.000000,218.000000,41.000000,45.000000
230.000000,215.000000,41.000000,45.000000
236.000000,216.000000,41.000000,45.000000
241.000000,221.000000,41.000000,45.000000
238.000000,228.000000,41.000000,45.000000
233.000000,220.000000,41.000000,45.000000
227.000000,222.000000,41.000000,45.000000
237.000000,234.000000,41.000000,45.000000
234.000000,235.000000,41.000000,45.000000
239.000000,243.000000,41.000000,45.000000
267.000000,241.000000,41.000000,45.000000
259.000000,247.000000,41.000000,45.000000
262.000000,246.000000,41.000000,45.000000
265.000000,232.000000,41.000000,45.000000
257.000000,254.000000,41.000000,45.000000
267.000000,257.000000,41.000000,45.000000
259.000000,266.000000,41.000000,45.000000
290.000000,255.000000,41.000000,45.000000
2
0
0
0
0
1
263.000000,274.000000,62.000000,39.000000
268.000000,277.000000,62.000000,39.000000
266.000000,286.000000,62.000000,39.000000
270.000000,288.000000,62.000000,39.000000
266.000000,293.000000,62.000000,39.000000
272.000000,298.000000,62.000000,39.000000
263.000000,298.000000,62.000000,39.000000
265.000000,293.000000,62.000000,39.000000
253.000000,295.000000,62.000000,39.000000
253.000000,297.000000,62.000000,39.000000
254.000000,297.000000,62.000000,39.000000
251.000000,304.000000,62.000000,39.000000
254.000000,298.000000,62.000000,39.000000
246.000000,304.000000,62.000000,39.000000
240.000000,306.000000,62.000000,39.000000
246.000000,320.000000,62.000000,39.000000
244.000000,334.000000,62.000000,39.000000
258.000000,335.000000,62.000000,39.000000
288.000000,314.000000,62.000000,39.000000
265.000000,309.000000,62.000000,39.000000
243.000000,301.000000,62.000000,39.000000
242.000000,328.000000,62.000000,39.000000
2
0
0
0
0
1
244.000000,329.000000,63.000000,40.000000
243.000000,337.000000,63.000000,40.000000
229.000000,342.000000,63.000000,40.000000
249.000000,346.000000,63.000000,40.000000
258.000000,350.000000,63.000000,40.000000
285.000000,357.000000,63.000000,40.000000
2
0
0
0
0
1
236.000000,347.000000,54.000000,32.000000
237.000000,349.000000,54.000000,32.000000
247.000000,348.000000,54.000000,32.000000
252.000000,361.000000,54.000000,32.000000
2
0
0
0
