1
292.230011,128.360001,145.959991,132.469986
292.230011,128.360001,145.959991,132.469986
292.230011,128.360001,145.959991,132.469986
292.230011,128.360001,145.959991,132.469986
292.230011,128.360001,145.959991,132.469986
292.230011,128.360001,145.959991,132.469986
292.230011,128.360001,145.959991,132.469986
292.230011,128.360001,145.959991,132.469986
292.230011,128.360001,145.959991,132.469986
292.230011,128.360001,145.959991,132.469986
292.230011,128.360001,145.959991,132.469986
292.230011,128.360001,145.959991,132.469986
292.230011,128.360001,145.959991,132.469986
292.230011,128.360001,145.959991,132.469986
292.230011,128.360001,145.959991,132.469986
292.230011,128.360001,145.959991,132.469986
292.230011,128.360001,145.959991,132.469986
292.230011,128.360001,145.959991,132.469986
292.230011,128.360001,145.959991,132.469986
292.230011,128.360001,145.959991,132.469986
292.230011,128.360001,145.959991,132.469986
292.230011,128.360001,145.959991,132.469986
292.230011,128.360001,145.959991,132.469986
292.230011,128.360001,145.959991,132.469986
292.230011,128.360001,145.959991,132.469986
292.230011,128.360001,145.959991,132.469986
292.230011,128.360001,145.959991,132.469986
292.230011,128.360001,145.959991,132.469986
292.230011,128.360001,145.959991,132.469986
2
0
0
0
0
1
200.309998,186.220001,105.110016,107.410004
200.309998,186.220001,105.110016,107.410004
200.309998,186.220001,105.110016,107.410004
200.309998,186.220001,105.110016,107.410004
200.309998,186.220001,105.110016,107.410004
200.309998,186.220001,105.110016,107.410004
200.309998,186.220001,105.110016,107.410004
200.309998,186.220001,105.110016,107.410004
200.309998,186.220001,105.110016,107.410004
200.309998,186.220001,105.110016,107.410004
200.309998,186.220001,105.110016,107.410004
200.309998,186.220001,105.110016,107.410004
200.309998,186.220001,105.110016,107.410004
200.309998,186.220001,105.110016,107.410004
2
0
0
0
0
1
246.000000,75.709999,48.179993,62.090004
246.000000,75.709999,48.179993,62.090004
246.000000,75.709999,48.179993,62.090004
246.000000,75.709999,48.179993,62.090004
246.000000,75.709999,48.179993,62.090004
246.000000,75.709999,48.179993,62.090004
246.000000,75.709999,48.179993,62.090004
246.000000,75.709999,48.179993,62.090004
246.000000,75.709999,48.179993,62.090004
2
0
0
0
0
1
138.850006,95.400002,70.729996,74.070000
138.850006,95.400002,70.729996,74.070000
138.850006,95.400002,70.729996,74.070000
138.850006,95.400002,70.729996,74.070000
138.850006,95.400002,70.729996,74.070000
138.850006,95.400002,70.729996,74.070000
138.850006,95.400002,70.729996,74.070000
138.850006,95.400002,70.729996,74.070000
138.850006,95.400002,70.729996,74.070000
138.850006,95.400002,70.729996,74.070000
138.850006,95.400002,70.729996,74.070000
138.850006,95.400002,70.729996,74.070000
138.850006,95.400002,70.729996,74.070000
138.850006,95.400002,70.729996,74.070000
138.850006,95.400002,70.729996,74.070000
138.850006,95.400002,70.729996,74.070000
138.850006,95.400002,70.729996,74.070000
138.850006,95.400002,70.729996,74.070000
138.850006,95.400002,70.729996,74.070000
138.850006,95.400002,70.729996,74.070000
138.850006,95.400002,70.729996,74.070000
138.850006,95.400002,70.729996,74.070000
138.850006,95.400002,70.729996,74.070000
138.850006,95.400002,70.729996,74.070000
138.850006,95.400002,70.729996,74.070000
138.850006,95.400002,70.729996,74.070000
138.850006,95.400002,70.729996,74.070000
138.850006,95.400002,70.729996,74.070000
138.850006,95.400002,70.729996,74.070000
138.850006,95.400002,70.729996,74.070000
138.850006,95.400002,70.729996,74.070000
138.850006,95.400002,70.729996,74.070000
138.850006,95.400002,70.729996,74.070000
138.850006,95.400002,70.729996,74.070000
138.850006,95.400002,70.729996,74.070000
138.850006,95.400002,70.729996,74.070000
138.850006,95.400002,70.729996,74.070000
138.850006,95.400002,70.729996,74.070000
138.850006,95.400002,70.729996,74.070000
138.850006,95.400002,70.729996,74.070000
138.850006,95.400002,70.729996,74.070000
138.850006,95.400002,70.729996,74.070000
138.850006,95.400002,70.729996,74.070000
138.850006,95.400002,70.729996,74.070000
138.850006,95.400002,70.729996,74.070000
138.850006,95.400002,70.729996,74.070000
138.850006,95.400002,70.729996,74.070000
138.850006,95.400002,70.729996,74.070000
138.850006,95.400002,70.729996,74.070000
138.850006,95.400002,70.729996,74.070000
138.850006,95.400002,70.729996,74.070000
138.850006,95.400002,70.729996,74.070000
138.850006,95.400002,70.729996,74.070000
138.850006,95.400002,70.729996,74.070000
138.850006,95.400002,70.729996,74.070000
138.850006,95.400002,70.729996,74.070000
138.850006,95.400002,70.729996,74.070000
138.850006,95.400002,70.729996,74.070000
138.850006,95.400002,70.729996,74.070000
138.850006,95.400002,70.729996,74.070000
138.850006,95.400002,70.729996,74.070000
138.850006,95.400002,70.729996,74.070000
138.850006,95.400002,70.729996,74.070000
138.850006,95.400002,70.729996,74.070000
138.850006,95.400002,70.729996,74.070000
138.850006,95.400002,70.729996,74.070000
138.850006,95.400002,70.729996,74.070000
138.850006,95.400002,70.729996,74.070000
138.850006,95.400002,70.729996,74.070000
138.850006,95.400002,70.729996,74.070000
138.850006,95.400002,70.729996,74.070000
138.850006,95.400002,70.729996,74.070000
138.850006,95.400002,70.729996,74.070000
138.850006,95.400002,70.729996,74.070000
138.850006,95.400002,70.729996,74.070000
138.850006,95.400002,70.729996,74.070000
138.850006,95.400002,70.729996,74.070000
138.850006,95.400002,70.729996,74.070000
138.850006,95.400002,70.729996,74.070000
138.850006,95.400002,70.729996,74.070000
138.850006,95.400002,70.729996,74.070000
138.850006,95.400002,70.729996,74.070000
138.850006,95.400002,70.729996,74.070000
138.850006,95.400002,70.729996,74.070000
138.850006,95.400002,70.729996,74.070000
138.850006,95.400002,70.729996,74.070000
138.850006,95.400002,70.729996,74.070000
138.850006,95.400002,70.729996,74.070000
138.850006,95.400002,70.729996,74.070000
138.850006,95.400002,70.729996,74.070000
138.850006,95.400002,70.729996,74.070000
138.850006,95.400002,70.729996,74.070000
138.850006,95.400002,70.729996,74.070000
138.850006,95.400002,70.729996,74.070000
138.850006,95.400002,70.729996,74.070000
138.850006,95.400002,70.729996,74.070000
138.850006,95.400002,70.729996,74.070000
138.850006,95.400002,70.729996,74.070000
138.850006,95.400002,70.729996,74.070000
138.850006,95.400002,70.729996,74.070000
138.850006,95.400002,70.729996,74.070000
138.850006,95.400002,70.729996,74.070000
138.850006,95.400002,70.729996,74.070000
138.850006,95.400002,70.729996,74.070000
138.850006,95.400002,70.729996,74.070000
138.850006,95.400002,70.729996,74.070000
138.850006,95.400002,70.729996,74.070000
138.850006,95.400002,70.729996,74.070000
138.850006,95.400002,70.729996,74.070000
138.850006,95.400002,70.729996,74.070000
138.850006,95.400002,70.729996,74.070000
138.850006,95.400002,70.729996,74.070000
138.850006,95.400002,70.729996,74.070000
138.850006,95.400002,70.729996,74.070000
138.850006,95.400002,70.729996,74.070000
138.850006,95.400002,70.729996,74.070000
138.850006,95.400002,70.729996,74.070000
138.850006,95.400002,70.729996,74.070000
138.850006,95.400002,70.729996,74.070000
138.850006,95.400002,70.729996,74.070000
138.850006,95.400002,70.729996,74.070000
138.850006,95.400002,70.729996,74.070000
138.850006,95.400002,70.729996,74.070000
138.850006,95.400002,70.729996,74.070000
138.850006,95.400002,70.729996,74.070000
