1
1090.000000,602.000000,50.000000,58.000000
1087.000000,596.000000,50.000000,58.000000
1060.000000,612.000000,50.000000,58.000000
1054.000000,613.000000,50.000000,58.000000
2
0
0
0
0
1
877.000000,607.000000,62.000000,33.000000
867.000000,609.000000,62.000000,33.000000
856.000000,579.000000,62.000000,33.000000
837.000000,582.000000,62.000000,33.000000
837.000000,574.000000,62.000000,33.000000
823.000000,571.000000,62.000000,33.000000
812.000000,567.000000,62.000000,33.000000
807.000000,563.000000,62.000000,33.000000
796.000000,565.000000,62.000000,33.000000
778.000000,557.000000,62.000000,33.000000
780.000000,557.000000,62.000000,33.000000
779.000000,558.000000,62.000000,33.000000
781.000000,559.000000,62.000000,33.000000
780.000000,563.000000,62.000000,33.000000
802.000000,564.000000,62.000000,33.000000
794.000000,594.000000,62.000000,33.000000
802.000000,561.000000,62.000000,33.000000
786.000000,539.000000,62.000000,33.000000
793.000000,531.000000,62.000000,33.000000
792.000000,522.000000,62.000000,33.000000
787.000000,521.000000,62.000000,33.000000
786.000000,499.000000,62.000000,33.000000
782.000000,495.000000,62.000000,33.000000
778.000000,489.000000,62.000000,33.000000
769.000000,487.000000,62.000000,33.000000
759.000000,487.000000,62.000000,33.000000
737.000000,485.000000,62.000000,33.000000
726.000000,482.000000,62.000000,33.000000
717.000000,480.000000,62.000000,33.000000
706.000000,477.000000,62.000000,33.000000
711.000000,473.000000,62.000000,33.000000
684.000000,467.000000,62.000000,33.000000
667.000000,464.000000,62.000000,33.000000
650.000000,462.000000,62.000000,33.000000
621.000000,461.000000,62.000000,33.000000
594.000000,458.000000,62.000000,33.000000
570.000000,453.000000,62.000000,33.000000
555.000000,449.000000,62.000000,33.000000
532.000000,451.000000,62.000000,33.000000
506.000000,439.000000,62.000000,33.000000
476.000000,437.000000,62.000000,33.000000
448.000000,444.000000,62.000000,33.000000
421.000000,435.000000,62.000000,33.000000
389.000000,434.000000,62.000000,33.000000
359.000000,429.000000,62.000000,33.000000
2
0
0
0
0
1
44.000000,449.000000,41.000000,24.000000
