1
1090.000000,602.000000,50.000000,58.000000
1087.000000,595.000000,50.000000,58.000000
1059.000000,605.000000,50.000000,58.000000
1054.000000,612.000000,50.000000,58.000000
2
0
0
0
0
1
878.000000,606.000000,62.000000,33.000000
865.000000,608.000000,62.000000,33.000000
847.000000,591.000000,62.000000,33.000000
837.000000,580.000000,62.000000,33.000000
840.000000,566.000000,62.000000,33.000000
824.000000,571.000000,62.000000,33.000000
812.000000,564.000000,62.000000,33.000000
806.000000,560.000000,62.000000,33.000000
785.000000,560.000000,62.000000,33.000000
775.000000,554.000000,62.000000,33.000000
782.000000,554.000000,62.000000,33.000000
777.000000,555.000000,62.000000,33.000000
782.000000,555.000000,62.000000,33.000000
778.000000,561.000000,62.000000,33.000000
814.000000,558.000000,62.000000,33.000000
813.000000,584.000000,62.000000,33.000000
803.000000,551.000000,62.000000,33.000000
793.000000,536.000000,62.000000,33.000000
791.000000,529.000000,62.000000,33.000000
792.000000,520.000000,62.000000,33.000000
788.000000,502.000000,62.000000,33.000000
786.000000,494.000000,62.000000,33.000000
783.000000,490.000000,62.000000,33.000000
779.000000,487.000000,62.000000,33.000000
777.000000,486.000000,62.000000,33.000000
768.000000,485.000000,62.000000,33.000000
758.000000,484.000000,62.000000,33.000000
739.000000,484.000000,62.000000,33.000000
723.000000,480.000000,62.000000,33.000000
712.000000,476.000000,62.000000,33.000000
709.000000,473.000000,62.000000,33.000000
687.000000,467.000000,62.000000,33.000000
659.000000,464.000000,62.000000,33.000000
641.000000,461.000000,62.000000,33.000000
623.000000,461.000000,62.000000,33.000000
591.000000,455.000000,62.000000,33.000000
569.000000,452.000000,62.000000,33.000000
551.000000,448.000000,62.000000,33.000000
525.000000,447.000000,62.000000,33.000000
503.000000,442.000000,62.000000,33.000000
474.000000,436.000000,62.000000,33.000000
442.000000,435.000000,62.000000,33.000000
403.000000,440.000000,62.000000,33.000000
372.000000,437.000000,62.000000,33.000000
340.000000,434.000000,62.000000,33.000000
315.000000,431.000000,62.000000,33.000000
287.000000,431.000000,62.000000,33.000000
2
0
0
0
0
