1
1091.000000,602.000000,50.000000,58.000000
1088.000000,594.000000,50.000000,58.000000
1061.000000,601.000000,50.000000,58.000000
1054.000000,613.000000,50.000000,58.000000
2
0
0
0
0
1
880.000000,607.000000,62.000000,33.000000
868.000000,609.000000,62.000000,33.000000
845.000000,592.000000,62.000000,33.000000
837.000000,581.000000,62.000000,33.000000
834.000000,577.000000,62.000000,33.000000
820.000000,573.000000,62.000000,33.000000
813.000000,568.000000,62.000000,33.000000
807.000000,565.000000,62.000000,33.000000
794.000000,565.000000,62.000000,33.000000
776.000000,556.000000,62.000000,33.000000
782.000000,558.000000,62.000000,33.000000
777.000000,562.000000,62.000000,33.000000
779.000000,562.000000,62.000000,33.000000
778.000000,567.000000,62.000000,33.000000
808.000000,565.000000,62.000000,33.000000
817.000000,571.000000,62.000000,33.000000
800.000000,552.000000,62.000000,33.000000
791.000000,542.000000,62.000000,33.000000
793.000000,536.000000,62.000000,33.000000
791.000000,528.000000,62.000000,33.000000
790.000000,524.000000,62.000000,33.000000
786.000000,506.000000,62.000000,33.000000
778.000000,501.000000,62.000000,33.000000
778.000000,498.000000,62.000000,33.000000
769.000000,495.000000,62.000000,33.000000
753.000000,492.000000,62.000000,33.000000
2
0
0
0
0
1
675.000000,478.000000,35.000000,14.000000
653.000000,475.000000,35.000000,14.000000
632.000000,475.000000,35.000000,14.000000
612.000000,469.000000,35.000000,14.000000
583.000000,466.000000,35.000000,14.000000
561.000000,465.000000,35.000000,14.000000
537.000000,461.000000,35.000000,14.000000
506.000000,459.000000,35.000000,14.000000
486.000000,455.000000,35.000000,14.000000
461.000000,447.000000,35.000000,14.000000
2
0
0
0
0
1
181.000000,441.000000,36.000000,28.000000
2
0
0
