1
1092.000000,603.000000,50.000000,58.000000
1088.000000,597.000000,50.000000,58.000000
1059.000000,610.000000,50.000000,58.000000
1054.000000,612.000000,50.000000,58.000000
2
0
0
0
0
1
877.000000,607.000000,62.000000,33.000000
868.000000,608.000000,62.000000,33.000000
849.000000,591.000000,62.000000,33.000000
834.000000,582.000000,62.000000,33.000000
829.000000,577.000000,62.000000,33.000000
814.000000,572.000000,62.000000,33.000000
808.000000,567.000000,62.000000,33.000000
803.000000,564.000000,62.000000,33.000000
781.000000,566.000000,62.000000,33.000000
774.000000,558.000000,62.000000,33.000000
779.000000,558.000000,62.000000,33.000000
778.000000,558.000000,62.000000,33.000000
779.000000,557.000000,62.000000,33.000000
779.000000,564.000000,62.000000,33.000000
2
0
0
0
0
1
801.000000,508.000000,39.000000,45.000000
801.000000,500.000000,39.000000,45.000000
799.000000,496.000000,39.000000,45.000000
791.000000,490.000000,39.000000,45.000000
783.000000,484.000000,39.000000,45.000000
779.000000,489.000000,39.000000,45.000000
770.000000,509.000000,39.000000,45.000000
2
0
0
0
0
1
653.000000,472.000000,35.000000,17.000000
631.000000,470.000000,35.000000,17.000000
613.000000,468.000000,35.000000,17.000000
594.000000,461.000000,35.000000,17.000000
571.000000,457.000000,35.000000,17.000000
537.000000,455.000000,35.000000,17.000000
513.000000,452.000000,35.000000,17.000000
486.000000,449.000000,35.000000,17.000000
456.000000,448.000000,35.000000,17.000000
430.000000,443.000000,35.000000,17.000000
2
0
0
0
0
1
139.000000,438.000000,36.000000,29.000000
2
0
