1
1090.000000,601.000000,50.000000,58.000000
1087.000000,595.000000,50.000000,58.000000
1058.000000,601.000000,50.000000,58.000000
1054.000000,613.000000,50.000000,58.000000
2
0
0
0
0
1
878.000000,606.000000,62.000000,33.000000
865.000000,608.000000,62.000000,33.000000
854.000000,580.000000,62.000000,33.000000
837.000000,582.000000,62.000000,33.000000
832.000000,576.000000,62.000000,33.000000
821.000000,573.000000,62.000000,33.000000
813.000000,569.000000,62.000000,33.000000
804.000000,563.000000,62.000000,33.000000
784.000000,564.000000,62.000000,33.000000
773.000000,555.000000,62.000000,33.000000
780.000000,557.000000,62.000000,33.000000
779.000000,553.000000,62.000000,33.000000
780.000000,554.000000,62.000000,33.000000
779.000000,554.000000,62.000000,33.000000
806.000000,553.000000,62.000000,33.000000
807.000000,551.000000,62.000000,33.000000
795.000000,541.000000,62.000000,33.000000
794.000000,537.000000,62.000000,33.000000
787.000000,529.000000,62.000000,33.000000
785.000000,523.000000,62.000000,33.000000
784.000000,520.000000,62.000000,33.000000
782.000000,501.000000,62.000000,33.000000
772.000000,493.000000,62.000000,33.000000
766.000000,488.000000,62.000000,33.000000
760.000000,485.000000,62.000000,33.000000
752.000000,485.000000,62.000000,33.000000
742.000000,481.000000,62.000000,33.000000
737.000000,483.000000,62.000000,33.000000
719.000000,477.000000,62.000000,33.000000
712.000000,476.000000,62.000000,33.000000
704.000000,470.000000,62.000000,33.000000
685.000000,465.000000,62.000000,33.000000
666.000000,462.000000,62.000000,33.000000
643.000000,460.000000,62.000000,33.000000
624.000000,457.000000,62.000000,33.000000
604.000000,453.000000,62.000000,33.000000
582.000000,448.000000,62.000000,33.000000
561.000000,448.000000,62.000000,33.000000
531.000000,441.000000,62.000000,33.000000
503.000000,437.000000,62.000000,33.000000
480.000000,436.000000,62.000000,33.000000
450.000000,439.000000,62.000000,33.000000
421.000000,435.000000,62.000000,33.000000
381.000000,434.000000,62.000000,33.000000
353.000000,429.000000,62.000000,33.000000
324.000000,418.000000,62.000000,33.000000
2
0
0
0
0
0
