1
1091.000000,602.000000,50.000000,58.000000
1089.000000,595.000000,50.000000,58.000000
1059.000000,603.000000,50.000000,58.000000
1053.000000,612.000000,50.000000,58.000000
2
0
0
0
0
1
879.000000,607.000000,62.000000,33.000000
867.000000,608.000000,62.000000,33.000000
846.000000,589.000000,62.000000,33.000000
836.000000,581.000000,62.000000,33.000000
836.000000,576.000000,62.000000,33.000000
819.000000,573.000000,62.000000,33.000000
810.000000,567.000000,62.000000,33.000000
804.000000,564.000000,62.000000,33.000000
779.000000,565.000000,62.000000,33.000000
775.000000,559.000000,62.000000,33.000000
782.000000,557.000000,62.000000,33.000000
778.000000,557.000000,62.000000,33.000000
782.000000,558.000000,62.000000,33.000000
783.000000,564.000000,62.000000,33.000000
808.000000,566.000000,62.000000,33.000000
813.000000,588.000000,62.000000,33.000000
799.000000,562.000000,62.000000,33.000000
793.000000,540.000000,62.000000,33.000000
791.000000,531.000000,62.000000,33.000000
790.000000,522.000000,62.000000,33.000000
785.000000,522.000000,62.000000,33.000000
787.000000,495.000000,62.000000,33.000000
778.000000,491.000000,62.000000,33.000000
776.000000,489.000000,62.000000,33.000000
764.000000,488.000000,62.000000,33.000000
760.000000,488.000000,62.000000,33.000000
738.000000,485.000000,62.000000,33.000000
731.000000,484.000000,62.000000,33.000000
723.000000,482.000000,62.000000,33.000000
719.000000,479.000000,62.000000,33.000000
710.000000,474.000000,62.000000,33.000000
688.000000,469.000000,62.000000,33.000000
667.000000,467.000000,62.000000,33.000000
644.000000,462.000000,62.000000,33.000000
627.000000,462.000000,62.000000,33.000000
601.000000,457.000000,62.000000,33.000000
579.000000,451.000000,62.000000,33.000000
557.000000,450.000000,62.000000,33.000000
536.000000,446.000000,62.000000,33.000000
507.000000,442.000000,62.000000,33.000000
476.000000,451.000000,62.000000,33.000000
448.000000,448.000000,62.000000,33.000000
427.000000,438.000000,62.000000,33.000000
393.000000,432.000000,62.000000,33.000000
357.000000,443.000000,62.000000,33.000000
323.000000,439.000000,62.000000,33.000000
2
0
0
0
0
0
