1
1090.000000,603.000000,50.000000,58.000000
1087.000000,596.000000,50.000000,58.000000
1057.000000,597.000000,50.000000,58.000000
1054.000000,614.000000,50.000000,58.000000
2
0
0
0
0
1
878.000000,606.000000,62.000000,33.000000
866.000000,607.000000,62.000000,33.000000
846.000000,591.000000,62.000000,33.000000
836.000000,580.000000,62.000000,33.000000
830.000000,579.000000,62.000000,33.000000
818.000000,574.000000,62.000000,33.000000
811.000000,569.000000,62.000000,33.000000
804.000000,565.000000,62.000000,33.000000
774.000000,565.000000,62.000000,33.000000
773.000000,560.000000,62.000000,33.000000
778.000000,558.000000,62.000000,33.000000
777.000000,559.000000,62.000000,33.000000
779.000000,561.000000,62.000000,33.000000
779.000000,565.000000,62.000000,33.000000
806.000000,561.000000,62.000000,33.000000
815.000000,589.000000,62.000000,33.000000
781.000000,562.000000,62.000000,33.000000
794.000000,541.000000,62.000000,33.000000
789.000000,531.000000,62.000000,33.000000
788.000000,527.000000,62.000000,33.000000
785.000000,523.000000,62.000000,33.000000
780.000000,504.000000,62.000000,33.000000
779.000000,499.000000,62.000000,33.000000
779.000000,494.000000,62.000000,33.000000
772.000000,489.000000,62.000000,33.000000
768.000000,488.000000,62.000000,33.000000
737.000000,481.000000,62.000000,33.000000
725.000000,484.000000,62.000000,33.000000
717.000000,480.000000,62.000000,33.000000
702.000000,477.000000,62.000000,33.000000
701.000000,473.000000,62.000000,33.000000
679.000000,470.000000,62.000000,33.000000
663.000000,466.000000,62.000000,33.000000
642.000000,465.000000,62.000000,33.000000
623.000000,462.000000,62.000000,33.000000
603.000000,458.000000,62.000000,33.000000
570.000000,453.000000,62.000000,33.000000
547.000000,450.000000,62.000000,33.000000
524.000000,447.000000,62.000000,33.000000
504.000000,443.000000,62.000000,33.000000
472.000000,442.000000,62.000000,33.000000
438.000000,444.000000,62.000000,33.000000
410.000000,444.000000,62.000000,33.000000
379.000000,447.000000,62.000000,33.000000
353.000000,441.000000,62.000000,33.000000
318.000000,430.000000,62.000000,33.000000
2
0
0
0
0
0
