1
1089.000000,602.000000,50.000000,58.000000
1088.000000,597.000000,50.000000,58.000000
1057.000000,605.000000,50.000000,58.000000
1054.000000,612.000000,50.000000,58.000000
2
0
0
0
0
1
879.000000,606.000000,62.000000,33.000000
862.000000,606.000000,62.000000,33.000000
842.000000,581.000000,62.000000,33.000000
835.000000,582.000000,62.000000,33.000000
834.000000,574.000000,62.000000,33.000000
819.000000,572.000000,62.000000,33.000000
810.000000,567.000000,62.000000,33.000000
808.000000,564.000000,62.000000,33.000000
777.000000,565.000000,62.000000,33.000000
775.000000,557.000000,62.000000,33.000000
782.000000,557.000000,62.000000,33.000000
779.000000,557.000000,62.000000,33.000000
781.000000,557.000000,62.000000,33.000000
779.000000,560.000000,62.000000,33.000000
2
0
0
0
0
1
800.000000,508.000000,39.000000,45.000000
798.000000,498.000000,39.000000,45.000000
795.000000,494.000000,39.000000,45.000000
787.000000,488.000000,39.000000,45.000000
778.000000,482.000000,39.000000,45.000000
772.000000,486.000000,39.000000,45.000000
784.000000,510.000000,39.000000,45.000000
756.000000,498.000000,39.000000,45.000000
739.000000,484.000000,39.000000,45.000000
723.000000,471.000000,39.000000,45.000000
711.000000,467.000000,39.000000,45.000000
686.000000,470.000000,39.000000,45.000000
671.000000,459.000000,39.000000,45.000000
652.000000,460.000000,39.000000,45.000000
625.000000,457.000000,39.000000,45.000000
603.000000,454.000000,39.000000,45.000000
576.000000,447.000000,39.000000,45.000000
554.000000,450.000000,39.000000,45.000000
529.000000,444.000000,39.000000,45.000000
505.000000,434.000000,39.000000,45.000000
471.000000,428.000000,39.000000,45.000000
443.000000,432.000000,39.000000,45.000000
408.000000,434.000000,39.000000,45.000000
379.000000,434.000000,39.000000,45.000000
351.000000,423.000000,39.000000,45.000000
2
0
0
0
0
1
44.000000,447.000000,41.000000,24.000000
