1
1090.000000,603.000000,50.000000,58.000000
1087.000000,595.000000,50.000000,58.000000
1051.000000,610.000000,50.000000,58.000000
1054.000000,612.000000,50.000000,58.000000
2
0
0
0
0
1
877.000000,607.000000,62.000000,33.000000
867.000000,608.000000,62.000000,33.000000
842.000000,589.000000,62.000000,33.000000
835.000000,581.000000,62.000000,33.000000
829.000000,575.000000,62.000000,33.000000
817.000000,571.000000,62.000000,33.000000
810.000000,566.000000,62.000000,33.000000
805.000000,562.000000,62.000000,33.000000
792.000000,566.000000,62.000000,33.000000
774.000000,557.000000,62.000000,33.000000
780.000000,557.000000,62.000000,33.000000
778.000000,557.000000,62.000000,33.000000
778.000000,555.000000,62.000000,33.000000
777.000000,561.000000,62.000000,33.000000
817.000000,548.000000,62.000000,33.000000
820.000000,581.000000,62.000000,33.000000
794.000000,559.000000,62.000000,33.000000
787.000000,536.000000,62.000000,33.000000
788.000000,531.000000,62.000000,33.000000
792.000000,522.000000,62.000000,33.000000
786.000000,519.000000,62.000000,33.000000
790.000000,496.000000,62.000000,33.000000
782.000000,495.000000,62.000000,33.000000
777.000000,490.000000,62.000000,33.000000
774.000000,487.000000,62.000000,33.000000
763.000000,486.000000,62.000000,33.000000
734.000000,481.000000,62.000000,33.000000
721.000000,481.000000,62.000000,33.000000
715.000000,478.000000,62.000000,33.000000
707.000000,478.000000,62.000000,33.000000
705.000000,472.000000,62.000000,33.000000
688.000000,468.000000,62.000000,33.000000
671.000000,464.000000,62.000000,33.000000
651.000000,460.000000,62.000000,33.000000
626.000000,461.000000,62.000000,33.000000
603.000000,457.000000,62.000000,33.000000
584.000000,451.000000,62.000000,33.000000
560.000000,448.000000,62.000000,33.000000
526.000000,447.000000,62.000000,33.000000
503.000000,444.000000,62.000000,33.000000
470.000000,448.000000,62.000000,33.000000
443.000000,442.000000,62.000000,33.000000
408.000000,439.000000,62.000000,33.000000
378.000000,436.000000,62.000000,33.000000
349.000000,434.000000,62.000000,33.000000
320.000000,441.000000,62.000000,33.000000
2
0
0
0
0
0
