1
1092.000000,603.000000,50.000000,58.000000
1087.000000,596.000000,50.000000,58.000000
1061.000000,599.000000,50.000000,58.000000
1054.000000,612.000000,50.000000,58.000000
2
0
0
0
0
1
878.000000,606.000000,62.000000,33.000000
863.000000,607.000000,62.000000,33.000000
845.000000,585.000000,62.000000,33.000000
835.000000,581.000000,62.000000,33.000000
832.000000,580.000000,62.000000,33.000000
819.000000,575.000000,62.000000,33.000000
811.000000,570.000000,62.000000,33.000000
808.000000,566.000000,62.000000,33.000000
785.000000,570.000000,62.000000,33.000000
774.000000,562.000000,62.000000,33.000000
783.000000,559.000000,62.000000,33.000000
777.000000,557.000000,62.000000,33.000000
779.000000,557.000000,62.000000,33.000000
777.000000,560.000000,62.000000,33.000000
805.000000,550.000000,62.000000,33.000000
791.000000,584.000000,62.000000,33.000000
788.000000,554.000000,62.000000,33.000000
792.000000,539.000000,62.000000,33.000000
789.000000,532.000000,62.000000,33.000000
790.000000,524.000000,62.000000,33.000000
790.000000,521.000000,62.000000,33.000000
788.000000,502.000000,62.000000,33.000000
782.000000,497.000000,62.000000,33.000000
779.000000,491.000000,62.000000,33.000000
770.000000,489.000000,62.000000,33.000000
754.000000,490.000000,62.000000,33.000000
734.000000,486.000000,62.000000,33.000000
730.000000,485.000000,62.000000,33.000000
741.000000,480.000000,62.000000,33.000000
717.000000,481.000000,62.000000,33.000000
709.000000,473.000000,62.000000,33.000000
689.000000,469.000000,62.000000,33.000000
664.000000,465.000000,62.000000,33.000000
645.000000,461.000000,62.000000,33.000000
624.000000,461.000000,62.000000,33.000000
605.000000,458.000000,62.000000,33.000000
578.000000,449.000000,62.000000,33.000000
546.000000,452.000000,62.000000,33.000000
527.000000,447.000000,62.000000,33.000000
500.000000,446.000000,62.000000,33.000000
472.000000,447.000000,62.000000,33.000000
439.000000,438.000000,62.000000,33.000000
409.000000,440.000000,62.000000,33.000000
379.000000,428.000000,62.000000,33.000000
346.000000,446.000000,62.000000,33.000000
313.000000,448.000000,62.000000,33.000000
2
0
0
0
0
0
