1
1090.000000,602.000000,50.000000,58.000000
1087.000000,595.000000,50.000000,58.000000
1059.000000,599.000000,50.000000,58.000000
1052.000000,611.000000,50.000000,58.000000
2
0
0
0
0
1
878.000000,607.000000,62.000000,33.000000
868.000000,609.000000,62.000000,33.000000
849.000000,592.000000,62.000000,33.000000
837.000000,582.000000,62.000000,33.000000
836.000000,577.000000,62.000000,33.000000
819.000000,573.000000,62.000000,33.000000
812.000000,568.000000,62.000000,33.000000
803.000000,564.000000,62.000000,33.000000
778.000000,565.000000,62.000000,33.000000
776.000000,558.000000,62.000000,33.000000
781.000000,556.000000,62.000000,33.000000
778.000000,557.000000,62.000000,33.000000
781.000000,559.000000,62.000000,33.000000
782.000000,564.000000,62.000000,33.000000
807.000000,566.000000,62.000000,33.000000
809.000000,592.000000,62.000000,33.000000
803.000000,563.000000,62.000000,33.000000
793.000000,539.000000,62.000000,33.000000
789.000000,531.000000,62.000000,33.000000
790.000000,523.000000,62.000000,33.000000
784.000000,522.000000,62.000000,33.000000
782.000000,497.000000,62.000000,33.000000
781.000000,492.000000,62.000000,33.000000
777.000000,489.000000,62.000000,33.000000
762.000000,487.000000,62.000000,33.000000
754.000000,488.000000,62.000000,33.000000
739.000000,484.000000,62.000000,33.000000
731.000000,484.000000,62.000000,33.000000
723.000000,482.000000,62.000000,33.000000
718.000000,479.000000,62.000000,33.000000
704.000000,474.000000,62.000000,33.000000
688.000000,468.000000,62.000000,33.000000
665.000000,466.000000,62.000000,33.000000
645.000000,462.000000,62.000000,33.000000
623.000000,462.000000,62.000000,33.000000
604.000000,457.000000,62.000000,33.000000
581.000000,452.000000,62.000000,33.000000
544.000000,450.000000,62.000000,33.000000
513.000000,447.000000,62.000000,33.000000
499.000000,443.000000,62.000000,33.000000
472.000000,446.000000,62.000000,33.000000
445.000000,443.000000,62.000000,33.000000
419.000000,439.000000,62.000000,33.000000
389.000000,432.000000,62.000000,33.000000
359.000000,437.000000,62.000000,33.000000
2
0
0
0
0
1
48.000000,447.000000,41.000000,24.000000
