1
1091.000000,602.000000,50.000000,58.000000
1088.000000,594.000000,50.000000,58.000000
1061.000000,601.000000,50.000000,58.000000
1054.000000,613.000000,50.000000,58.000000
2
0
0
0
0
1
878.000000,605.000000,62.000000,33.000000
865.000000,605.000000,62.000000,33.000000
845.000000,591.000000,62.000000,33.000000
836.000000,581.000000,62.000000,33.000000
837.000000,574.000000,62.000000,33.000000
821.000000,572.000000,62.000000,33.000000
811.000000,567.000000,62.000000,33.000000
809.000000,563.000000,62.000000,33.000000
782.000000,565.000000,62.000000,33.000000
775.000000,557.000000,62.000000,33.000000
782.000000,557.000000,62.000000,33.000000
779.000000,557.000000,62.000000,33.000000
780.000000,556.000000,62.000000,33.000000
778.000000,560.000000,62.000000,33.000000
806.000000,558.000000,62.000000,33.000000
808.000000,586.000000,62.000000,33.000000
797.000000,556.000000,62.000000,33.000000
788.000000,538.000000,62.000000,33.000000
792.000000,531.000000,62.000000,33.000000
792.000000,522.000000,62.000000,33.000000
787.000000,520.000000,62.000000,33.000000
787.000000,499.000000,62.000000,33.000000
784.000000,494.000000,62.000000,33.000000
781.000000,490.000000,62.000000,33.000000
769.000000,488.000000,62.000000,33.000000
753.000000,487.000000,62.000000,33.000000
732.000000,481.000000,62.000000,33.000000
728.000000,483.000000,62.000000,33.000000
720.000000,480.000000,62.000000,33.000000
711.000000,480.000000,62.000000,33.000000
702.000000,473.000000,62.000000,33.000000
690.000000,468.000000,62.000000,33.000000
669.000000,465.000000,62.000000,33.000000
650.000000,461.000000,62.000000,33.000000
628.000000,462.000000,62.000000,33.000000
605.000000,454.000000,62.000000,33.000000
576.000000,453.000000,62.000000,33.000000
555.000000,450.000000,62.000000,33.000000
527.000000,447.000000,62.000000,33.000000
501.000000,440.000000,62.000000,33.000000
475.000000,436.000000,62.000000,33.000000
449.000000,445.000000,62.000000,33.000000
421.000000,430.000000,62.000000,33.000000
391.000000,435.000000,62.000000,33.000000
360.000000,434.000000,62.000000,33.000000
2
0
0
0
0
1
44.000000,450.000000,41.000000,24.000000
