1
1090.000000,602.000000,50.000000,58.000000
1088.000000,596.000000,50.000000,58.000000
1062.000000,604.000000,50.000000,58.000000
1054.000000,613.000000,50.000000,58.000000
2
0
0
0
0
1
878.000000,607.000000,62.000000,33.000000
868.000000,609.000000,62.000000,33.000000
845.000000,588.000000,62.000000,33.000000
836.000000,581.000000,62.000000,33.000000
837.000000,579.000000,62.000000,33.000000
821.000000,573.000000,62.000000,33.000000
812.000000,568.000000,62.000000,33.000000
809.000000,566.000000,62.000000,33.000000
778.000000,569.000000,62.000000,33.000000
775.000000,561.000000,62.000000,33.000000
783.000000,559.000000,62.000000,33.000000
779.000000,558.000000,62.000000,33.000000
782.000000,557.000000,62.000000,33.000000
780.000000,561.000000,62.000000,33.000000
812.000000,560.000000,62.000000,33.000000
809.000000,594.000000,62.000000,33.000000
802.000000,558.000000,62.000000,33.000000
795.000000,540.000000,62.000000,33.000000
793.000000,532.000000,62.000000,33.000000
792.000000,524.000000,62.000000,33.000000
789.000000,520.000000,62.000000,33.000000
789.000000,503.000000,62.000000,33.000000
783.000000,498.000000,62.000000,33.000000
780.000000,493.000000,62.000000,33.000000
773.000000,490.000000,62.000000,33.000000
763.000000,490.000000,62.000000,33.000000
2
0
0
0
0
1
675.000000,477.000000,35.000000,14.000000
657.000000,474.000000,35.000000,14.000000
631.000000,472.000000,35.000000,14.000000
613.000000,468.000000,35.000000,14.000000
591.000000,465.000000,35.000000,14.000000
570.000000,462.000000,35.000000,14.000000
550.000000,457.000000,35.000000,14.000000
528.000000,454.000000,35.000000,14.000000
2
0
0
0
0
1
261.000000,441.000000,41.000000,29.000000
227.000000,433.000000,41.000000,29.000000
2
0
0
0
