1
1090.000000,602.000000,50.000000,58.000000
1087.000000,595.000000,50.000000,58.000000
1059.000000,599.000000,50.000000,58.000000
1052.000000,611.000000,50.000000,58.000000
2
0
0
0
0
1
879.000000,607.000000,62.000000,33.000000
866.000000,609.000000,62.000000,33.000000
840.000000,587.000000,62.000000,33.000000
835.000000,582.000000,62.000000,33.000000
833.000000,578.000000,62.000000,33.000000
822.000000,573.000000,62.000000,33.000000
812.000000,569.000000,62.000000,33.000000
805.000000,565.000000,62.000000,33.000000
773.000000,568.000000,62.000000,33.000000
773.000000,558.000000,62.000000,33.000000
780.000000,557.000000,62.000000,33.000000
778.000000,556.000000,62.000000,33.000000
779.000000,557.000000,62.000000,33.000000
776.000000,559.000000,62.000000,33.000000
805.000000,559.000000,62.000000,33.000000
804.000000,589.000000,62.000000,33.000000
799.000000,558.000000,62.000000,33.000000
789.000000,538.000000,62.000000,33.000000
790.000000,531.000000,62.000000,33.000000
786.000000,525.000000,62.000000,33.000000
786.000000,522.000000,62.000000,33.000000
781.000000,503.000000,62.000000,33.000000
778.000000,498.000000,62.000000,33.000000
769.000000,489.000000,62.000000,33.000000
760.000000,487.000000,62.000000,33.000000
755.000000,486.000000,62.000000,33.000000
731.000000,482.000000,62.000000,33.000000
736.000000,488.000000,62.000000,33.000000
721.000000,482.000000,62.000000,33.000000
717.000000,479.000000,62.000000,33.000000
707.000000,473.000000,62.000000,33.000000
681.000000,471.000000,62.000000,33.000000
665.000000,466.000000,62.000000,33.000000
640.000000,464.000000,62.000000,33.000000
619.000000,461.000000,62.000000,33.000000
596.000000,456.000000,62.000000,33.000000
575.000000,451.000000,62.000000,33.000000
553.000000,450.000000,62.000000,33.000000
525.000000,447.000000,62.000000,33.000000
500.000000,441.000000,62.000000,33.000000
471.000000,439.000000,62.000000,33.000000
442.000000,436.000000,62.000000,33.000000
410.000000,448.000000,62.000000,33.000000
384.000000,438.000000,62.000000,33.000000
353.000000,438.000000,62.000000,33.000000
2
0
0
0
0
1
45.000000,446.000000,41.000000,24.000000
