1
1091.000000,601.000000,50.000000,58.000000
1087.000000,596.000000,50.000000,58.000000
1055.000000,604.000000,50.000000,58.000000
1055.000000,612.000000,50.000000,58.000000
2
0
0
0
0
1
878.000000,606.000000,62.000000,33.000000
863.000000,607.000000,62.000000,33.000000
845.000000,585.000000,62.000000,33.000000
835.000000,581.000000,62.000000,33.000000
832.000000,580.000000,62.000000,33.000000
819.000000,575.000000,62.000000,33.000000
811.000000,570.000000,62.000000,33.000000
808.000000,566.000000,62.000000,33.000000
785.000000,570.000000,62.000000,33.000000
774.000000,562.000000,62.000000,33.000000
783.000000,559.000000,62.000000,33.000000
777.000000,557.000000,62.000000,33.000000
781.000000,557.000000,62.000000,33.000000
777.000000,559.000000,62.000000,33.000000
806.000000,549.000000,62.000000,33.000000
791.000000,583.000000,62.000000,33.000000
788.000000,553.000000,62.000000,33.000000
793.000000,540.000000,62.000000,33.000000
791.000000,532.000000,62.000000,33.000000
791.000000,524.000000,62.000000,33.000000
788.000000,521.000000,62.000000,33.000000
786.000000,502.000000,62.000000,33.000000
779.000000,497.000000,62.000000,33.000000
777.000000,491.000000,62.000000,33.000000
772.000000,489.000000,62.000000,33.000000
754.000000,490.000000,62.000000,33.000000
734.000000,486.000000,62.000000,33.000000
730.000000,486.000000,62.000000,33.000000
730.000000,481.000000,62.000000,33.000000
719.000000,479.000000,62.000000,33.000000
703.000000,473.000000,62.000000,33.000000
683.000000,469.000000,62.000000,33.000000
665.000000,465.000000,62.000000,33.000000
643.000000,461.000000,62.000000,33.000000
624.000000,462.000000,62.000000,33.000000
605.000000,459.000000,62.000000,33.000000
578.000000,450.000000,62.000000,33.000000
559.000000,449.000000,62.000000,33.000000
524.000000,451.000000,62.000000,33.000000
504.000000,446.000000,62.000000,33.000000
476.000000,447.000000,62.000000,33.000000
443.000000,438.000000,62.000000,33.000000
413.000000,440.000000,62.000000,33.000000
383.000000,427.000000,62.000000,33.000000
350.000000,445.000000,62.000000,33.000000
317.000000,448.000000,62.000000,33.000000
2
0
0
0
0
0
