1
199.0000,49.0000,88.0000,64.0000
199.0000,49.0000,88.0000,64.0000
2
0
0
0
0
1
64.9530,137.0100,98.6170,96.8600
64.9530,137.0100,98.6170,96.8600
2
0
0
0
0
1
296.9000,123.6900,109.2900,97.3900
296.9000,123.6900,109.2900,97.3900
296.9000,123.6900,109.2900,97.3900
296.9000,123.6900,109.2900,97.3900
296.9000,123.6900,109.2900,97.3900
296.9000,123.6900,109.2900,97.3900
296.9000,123.6900,109.2900,97.3900
296.9000,123.6900,109.2900,97.3900
296.9000,123.6900,109.2900,97.3900
296.9000,123.6900,109.2900,97.3900
296.9000,123.6900,109.2900,97.3900
296.9000,123.6900,109.2900,97.3900
296.9000,123.6900,109.2900,97.3900
296.9000,123.6900,109.2900,97.3900
296.9000,123.6900,109.2900,97.3900
296.9000,123.6900,109.2900,97.3900
296.9000,123.6900,109.2900,97.3900
2
0
0
0
0
1
176.0600,123.7500,66.5400,69.1300
176.0600,123.7500,66.5400,69.1300
176.0600,123.7500,66.5400,69.1300
176.0600,123.7500,66.5400,69.1300
176.0600,123.7500,66.5400,69.1300
176.0600,123.7500,66.5400,69.1300
2
0
0
0
0
1
307.1200,142.8800,58.0100,57.3300
307.1200,142.8800,58.0100,57.3300
307.1200,142.8800,58.0100,57.3300
307.1200,142.8800,58.0100,57.3300
307.1200,142.8800,58.0100,57.3300
307.1200,142.8800,58.0100,57.3300
307.1200,142.8800,58.0100,57.3300
307.1200,142.8800,58.0100,57.3300
307.1200,142.8800,58.0100,57.3300
307.1200,142.8800,58.0100,57.3300
307.1200,142.8800,58.0100,57.3300
307.1200,142.8800,58.0100,57.3300
307.1200,142.8800,58.0100,57.3300
307.1200,142.8800,58.0100,57.3300
307.1200,142.8800,58.0100,57.3300
307.1200,142.8800,58.0100,57.3300
307.1200,142.8800,58.0100,57.3300
307.1200,142.8800,58.0100,57.3300
307.1200,142.8800,58.0100,57.3300
307.1200,142.8800,58.0100,57.3300
307.1200,142.8800,58.0100,57.3300
307.1200,142.8800,58.0100,57.3300
307.1200,142.8800,58.0100,57.3300
307.1200,142.8800,58.0100,57.3300
307.1200,142.8800,58.0100,57.3300
307.1200,142.8800,58.0100,57.3300
307.1200,142.8800,58.0100,57.3300
307.1200,142.8800,58.0100,57.3300
307.1200,142.8800,58.0100,57.3300
307.1200,142.8800,58.0100,57.3300
2
0
0
0
0
1
254.6400,149.1500,57.9500,57.1900
254.6400,149.1500,57.9500,57.1900
254.6400,149.1500,57.9500,57.1900
2
0
0
0
0
1
377.0000,168.0000,23.0000,51.0000
2
0
0
0
0
1
2
0
0
0
0
1
168.4300,193.6500,39.7500,59.8100
168.4300,193.6500,39.7500,59.8100
168.4300,193.6500,39.7500,59.8100
168.4300,193.6500,39.7500,59.8100
2
0
0
0
0
1
314.8200,214.1800,63.4300,63.7300
314.8200,214.1800,63.4300,63.7300
314.8200,214.1800,63.4300,63.7300
314.8200,214.1800,63.4300,63.7300
314.8200,214.1800,63.4300,63.7300
314.8200,214.1800,63.4300,63.7300
314.8200,214.1800,63.4300,63.7300
314.8200,214.1800,63.4300,63.7300
314.8200,214.1800,63.4300,63.7300
314.8200,214.1800,63.4300,63.7300
314.8200,214.1800,63.4300,63.7300
314.8200,214.1800,63.4300,63.7300
314.8200,214.1800,63.4300,63.7300
314.8200,214.1800,63.4300,63.7300
314.8200,214.1800,63.4300,63.7300
314.8200,214.1800,63.4300,63.7300
314.8200,214.1800,63.4300,63.7300
314.8200,214.1800,63.4300,63.7300
314.8200,214.1800,63.4300,63.7300
314.8200,214.1800,63.4300,63.7300
314.8200,214.1800,63.4300,63.7300
314.8200,214.1800,63.4300,63.7300
314.8200,214.1800,63.4300,63.7300
314.8200,214.1800,63.4300,63.7300
314.8200,214.1800,63.4300,63.7300
314.8200,214.1800,63.4300,63.7300
314.8200,214.1800,63.4300,63.7300
2
0
0
0
0
1
266.1200,158.4100,50.1000,57.2800
266.1200,158.4100,50.1000,57.2800
266.1200,158.4100,50.1000,57.2800
2
0
0
0
0
1
379.3100,153.8200,60.9100,51.9300
379.3100,153.8200,60.9100,51.9300
379.3100,153.8200,60.9100,51.9300
379.3100,153.8200,60.9100,51.9300
379.3100,153.8200,60.9100,51.9300
379.3100,153.8200,60.9100,51.9300
379.3100,153.8200,60.9100,51.9300
379.3100,153.8200,60.9100,51.9300
379.3100,153.8200,60.9100,51.9300
379.3100,153.8200,60.9100,51.9300
379.3100,153.8200,60.9100,51.9300
379.3100,153.8200,60.9100,51.9300
379.3100,153.8200,60.9100,51.9300
