1
506.519989,224.779999,86.959991,35.440002
506.519989,224.779999,86.959991,35.440002
506.519989,224.779999,86.959991,35.440002
506.519989,224.779999,86.959991,35.440002
506.519989,224.779999,86.959991,35.440002
2
0
0
0
0
1
535.169983,272.410004,82.720032,33.639984
535.169983,272.410004,82.720032,33.639984
535.169983,272.410004,82.720032,33.639984
535.169983,272.410004,82.720032,33.639984
535.169983,272.410004,82.720032,33.639984
535.169983,272.410004,82.720032,33.639984
535.169983,272.410004,82.720032,33.639984
2
0
0
0
0
1
541.859985,320.820007,83.280029,37.359985
541.859985,320.820007,83.280029,37.359985
541.859985,320.820007,83.280029,37.359985
541.859985,320.820007,83.280029,37.359985
541.859985,320.820007,83.280029,37.359985
541.859985,320.820007,83.280029,37.359985
2
0
0
0
0
1
561.229980,355.890015,43.929993,32.969971
561.229980,355.890015,43.929993,32.969971
561.229980,355.890015,43.929993,32.969971
561.229980,355.890015,43.929993,32.969971
561.229980,355.890015,43.929993,32.969971
561.229980,355.890015,43.929993,32.969971
561.229980,355.890015,43.929993,32.969971
561.229980,355.890015,43.929993,32.969971
561.229980,355.890015,43.929993,32.969971
2
0
0
0
0
1
520.260010,313.089996,65.479980,31.570007
520.260010,313.089996,65.479980,31.570007
520.260010,313.089996,65.479980,31.570007
520.260010,313.089996,65.479980,31.570007
520.260010,313.089996,65.479980,31.570007
520.260010,313.089996,65.479980,31.570007
520.260010,313.089996,65.479980,31.570007
520.260010,313.089996,65.479980,31.570007
520.260010,313.089996,65.479980,31.570007
520.260010,313.089996,65.479980,31.570007
520.260010,313.089996,65.479980,31.570007
520.260010,313.089996,65.479980,31.570007
520.260010,313.089996,65.479980,31.570007
520.260010,313.089996,65.479980,31.570007
520.260010,313.089996,65.479980,31.570007
2
0
0
0
0
1
528.000000,364.000000,68.000000,25.000000
528.000000,364.000000,68.000000,25.000000
528.000000,364.000000,68.000000,25.000000
528.000000,364.000000,68.000000,25.000000
528.000000,364.000000,68.000000,25.000000
528.000000,364.000000,68.000000,25.000000
528.000000,364.000000,68.000000,25.000000
528.000000,364.000000,68.000000,25.000000
528.000000,364.000000,68.000000,25.000000
528.000000,364.000000,68.000000,25.000000
528.000000,364.000000,68.000000,25.000000
528.000000,364.000000,68.000000,25.000000
528.000000,364.000000,68.000000,25.000000
528.000000,364.000000,68.000000,25.000000
528.000000,364.000000,68.000000,25.000000
528.000000,364.000000,68.000000,25.000000
528.000000,364.000000,68.000000,25.000000
528.000000,364.000000,68.000000,25.000000
528.000000,364.000000,68.000000,25.000000
528.000000,364.000000,68.000000,25.000000
528.000000,364.000000,68.000000,25.000000
528.000000,364.000000,68.000000,25.000000
528.000000,364.000000,68.000000,25.000000
528.000000,364.000000,68.000000,25.000000
528.000000,364.000000,68.000000,25.000000
2
0
0
0
0
1
585.830017,379.859985,85.339966,47.120026
585.830017,379.859985,85.339966,47.120026
585.830017,379.859985,85.339966,47.120026
585.830017,379.859985,85.339966,47.120026
585.830017,379.859985,85.339966,47.120026
585.830017,379.859985,85.339966,47.120026
585.830017,379.859985,85.339966,47.120026
585.830017,379.859985,85.339966,47.120026
2
0
0
0
0
1
578.000000,307.000000,80.000000,54.000000
578.000000,307.000000,80.000000,54.000000
578.000000,307.000000,80.000000,54.000000
578.000000,307.000000,80.000000,54.000000
578.000000,307.000000,80.000000,54.000000
578.000000,307.000000,80.000000,54.000000
578.000000,307.000000,80.000000,54.000000
578.000000,307.000000,80.000000,54.000000
578.000000,307.000000,80.000000,54.000000
578.000000,307.000000,80.000000,54.000000
578.000000,307.000000,80.000000,54.000000
2
0
0
0
0
1
590.229980,235.869995,43.239990,54.860016
590.229980,235.869995,43.239990,54.860016
590.229980,235.869995,43.239990,54.860016
590.229980,235.869995,43.239990,54.860016
590.229980,235.869995,43.239990,54.860016
590.229980,235.869995,43.239990,54.860016
590.229980,235.869995,43.239990,54.860016
590.229980,235.869995,43.239990,54.860016
590.229980,235.869995,43.239990,54.860016
590.229980,235.869995,43.239990,54.860016
590.229980,235.869995,43.239990,54.860016
590.229980,235.869995,43.239990,54.860016
590.229980,235.869995,43.239990,54.860016
590.229980,235.869995,43.239990,54.860016
590.229980,235.869995,43.239990,54.860016
590.229980,235.869995,43.239990,54.860016
590.229980,235.869995,43.239990,54.860016
590.229980,235.869995,43.239990,54.860016
590.229980,235.869995,43.239990,54.860016
590.229980,235.869995,43.239990,54.860016
2
0
0
0
0
1
580.630005,333.489990,96.179993,56.240021
580.630005,333.489990,96.179993,56.240021
580.630005,333.489990,96.179993,56.240021
580.630005,333.489990,96.179993,56.240021
580.630005,333.489990,96.179993,56.240021
580.630005,333.489990,96.179993,56.240021
580.630005,333.489990,96.179993,56.240021
580.630005,333.489990,96.179993,56.240021
580.630005,333.489990,96.179993,56.240021
580.630005,333.489990,96.179993,56.240021
580.630005,333.489990,96.179993,56.240021
580.630005,333.489990,96.179993,56.240021
580.630005,333.489990,96.179993,56.240021
2
0
0
0
0
1
605.549988,384.100006,68.400024,35.799988
605.549988,384.100006,68.400024,35.799988
605.549988,384.100006,68.400024,35.799988
605.549988,384.100006,68.400024,35.799988
605.549988,384.100006,68.400024,35.799988
2
0
0
0
0
1
603.679993,324.190002,53.750000,27.290009
603.679993,324.190002,53.750000,27.290009
603.679993,324.190002,53.750000,27.290009
603.679993,324.190002,53.750000,27.290009
603.679993,324.190002,53.750000,27.290009
603.679993,324.190002,53.750000,27.290009
2
0
0
0
0
1
587.000000,298.000000,71.000000,27.000000
587.000000,298.000000,71.000000,27.000000
587.000000,298.000000,71.000000,27.000000
587.000000,298.000000,71.000000,27.000000
587.000000,298.000000,71.000000,27.000000
587.000000,298.000000,71.000000,27.000000
587.000000,298.000000,71.000000,27.000000
587.000000,298.000000,71.000000,27.000000
587.000000,298.000000,71.000000,27.000000
587.000000,298.000000,71.000000,27.000000
587.000000,298.000000,71.000000,27.000000
587.000000,298.000000,71.000000,27.000000
587.000000,298.000000,71.000000,27.000000
587.000000,298.000000,71.000000,27.000000
587.000000,298.000000,71.000000,27.000000
2
0
0
0
0
1
590.190002,353.440002,86.619995,53.119995
590.190002,353.440002,86.619995,53.119995
590.190002,353.440002,86.619995,53.119995
590.190002,353.440002,86.619995,53.119995
590.190002,353.440002,86.619995,53.119995
590.190002,353.440002,86.619995,53.119995
590.190002,353.440002,86.619995,53.119995
590.190002,353.440002,86.619995,53.119995
590.190002,353.440002,86.619995,53.119995
590.190002,353.440002,86.619995,53.119995
590.190002,353.440002,86.619995,53.119995
590.190002,353.440002,86.619995,53.119995
590.190002,353.440002,86.619995,53.119995
590.190002,353.440002,86.619995,53.119995
590.190002,353.440002,86.619995,53.119995
590.190002,353.440002,86.619995,53.119995
590.190002,353.440002,86.619995,53.119995
590.190002,353.440002,86.619995,53.119995
590.190002,353.440002,86.619995,53.119995
590.190002,353.440002,86.619995,53.119995
590.190002,353.440002,86.619995,53.119995
590.190002,353.440002,86.619995,53.119995
590.190002,353.440002,86.619995,53.119995
590.190002,353.440002,86.619995,53.119995
590.190002,353.440002,86.619995,53.119995
590.190002,353.440002,86.619995,53.119995
590.190002,353.440002,86.619995,53.119995
2
0
0
0
0
1
607.280029,282.929993,48.919983,52.279999
607.280029,282.929993,48.919983,52.279999
607.280029,282.929993,48.919983,52.279999
607.280029,282.929993,48.919983,52.279999
607.280029,282.929993,48.919983,52.279999
607.280029,282.929993,48.919983,52.279999
607.280029,282.929993,48.919983,52.279999
607.280029,282.929993,48.919983,52.279999
607.280029,282.929993,48.919983,52.279999
607.280029,282.929993,48.919983,52.279999
607.280029,282.929993,48.919983,52.279999
607.280029,282.929993,48.919983,52.279999
607.280029,282.929993,48.919983,52.279999
607.280029,282.929993,48.919983,52.279999
607.280029,282.929993,48.919983,52.279999
607.280029,282.929993,48.919983,52.279999
607.280029,282.929993,48.919983,52.279999
607.280029,282.929993,48.919983,52.279999
607.280029,282.929993,48.919983,52.279999
607.280029,282.929993,48.919983,52.279999
607.280029,282.929993,48.919983,52.279999
2
0
0
0
0
1
587.000000,384.000000,68.000000,20.000000
587.000000,384.000000,68.000000,20.000000
587.000000,384.000000,68.000000,20.000000
587.000000,384.000000,68.000000,20.000000
587.000000,384.000000,68.000000,20.000000
587.000000,384.000000,68.000000,20.000000
587.000000,384.000000,68.000000,20.000000
2
0
0
0
0
1
637.030029,416.359985,47.639954,27.270020
637.030029,416.359985,47.639954,27.270020
637.030029,416.359985,47.639954,27.270020
637.030029,416.359985,47.639954,27.270020
637.030029,416.359985,47.639954,27.270020
637.030029,416.359985,47.639954,27.270020
637.030029,416.359985,47.639954,27.270020
637.030029,416.359985,47.639954,27.270020
637.030029,416.359985,47.639954,27.270020
637.030029,416.359985,47.639954,27.270020
637.030029,416.359985,47.639954,27.270020
637.030029,416.359985,47.639954,27.270020
637.030029,416.359985,47.639954,27.270020
637.030029,416.359985,47.639954,27.270020
637.030029,416.359985,47.639954,27.270020
637.030029,416.359985,47.639954,27.270020
637.030029,416.359985,47.639954,27.270020
637.030029,416.359985,47.639954,27.270020
637.030029,416.359985,47.639954,27.270020
637.030029,416.359985,47.639954,27.270020
637.030029,416.359985,47.639954,27.270020
2
0
0
0
0
1
450.739990,377.779999,81.140015,59.339996
450.739990,377.779999,81.140015,59.339996
450.739990,377.779999,81.140015,59.339996
2
0
0
0
0
1
240.470001,323.260010,53.540009,58.489990
240.470001,323.260010,53.540009,58.489990
2
0
0
0
