1
506.5200,224.7800,86.9600,35.4400
506.5200,224.7800,86.9600,35.4400
506.5200,224.7800,86.9600,35.4400
506.5200,224.7800,86.9600,35.4400
506.5200,224.7800,86.9600,35.4400
2
0
0
0
0
1
535.1700,272.4100,82.7200,33.6400
535.1700,272.4100,82.7200,33.6400
535.1700,272.4100,82.7200,33.6400
535.1700,272.4100,82.7200,33.6400
535.1700,272.4100,82.7200,33.6400
535.1700,272.4100,82.7200,33.6400
535.1700,272.4100,82.7200,33.6400
535.1700,272.4100,82.7200,33.6400
535.1700,272.4100,82.7200,33.6400
2
0
0
0
0
1
529.0000,346.0000,101.0000,22.0000
529.0000,346.0000,101.0000,22.0000
529.0000,346.0000,101.0000,22.0000
529.0000,346.0000,101.0000,22.0000
529.0000,346.0000,101.0000,22.0000
529.0000,346.0000,101.0000,22.0000
529.0000,346.0000,101.0000,22.0000
529.0000,346.0000,101.0000,22.0000
529.0000,346.0000,101.0000,22.0000
529.0000,346.0000,101.0000,22.0000
529.0000,346.0000,101.0000,22.0000
529.0000,346.0000,101.0000,22.0000
529.0000,346.0000,101.0000,22.0000
529.0000,346.0000,101.0000,22.0000
529.0000,346.0000,101.0000,22.0000
529.0000,346.0000,101.0000,22.0000
529.0000,346.0000,101.0000,22.0000
529.0000,346.0000,101.0000,22.0000
529.0000,346.0000,101.0000,22.0000
529.0000,346.0000,101.0000,22.0000
529.0000,346.0000,101.0000,22.0000
2
0
0
0
0
1
529.6300,298.8100,60.7400,35.6300
529.6300,298.8100,60.7400,35.6300
529.6300,298.8100,60.7400,35.6300
529.6300,298.8100,60.7400,35.6300
529.6300,298.8100,60.7400,35.6300
529.6300,298.8100,60.7400,35.6300
529.6300,298.8100,60.7400,35.6300
529.6300,298.8100,60.7400,35.6300
529.6300,298.8100,60.7400,35.6300
2
0
0
0
0
1
538.0000,357.0000,48.0000,30.0000
538.0000,357.0000,48.0000,30.0000
538.0000,357.0000,48.0000,30.0000
538.0000,357.0000,48.0000,30.0000
538.0000,357.0000,48.0000,30.0000
538.0000,357.0000,48.0000,30.0000
538.0000,357.0000,48.0000,30.0000
538.0000,357.0000,48.0000,30.0000
538.0000,357.0000,48.0000,30.0000
538.0000,357.0000,48.0000,30.0000
538.0000,357.0000,48.0000,30.0000
538.0000,357.0000,48.0000,30.0000
538.0000,357.0000,48.0000,30.0000
538.0000,357.0000,48.0000,30.0000
538.0000,357.0000,48.0000,30.0000
538.0000,357.0000,48.0000,30.0000
538.0000,357.0000,48.0000,30.0000
538.0000,357.0000,48.0000,30.0000
538.0000,357.0000,48.0000,30.0000
538.0000,357.0000,48.0000,30.0000
538.0000,357.0000,48.0000,30.0000
538.0000,357.0000,48.0000,30.0000
538.0000,357.0000,48.0000,30.0000
538.0000,357.0000,48.0000,30.0000
538.0000,357.0000,48.0000,30.0000
538.0000,357.0000,48.0000,30.0000
538.0000,357.0000,48.0000,30.0000
538.0000,357.0000,48.0000,30.0000
538.0000,357.0000,48.0000,30.0000
2
0
0
0
0
1
585.8300,379.8600,85.3400,47.1200
585.8300,379.8600,85.3400,47.1200
585.8300,379.8600,85.3400,47.1200
585.8300,379.8600,85.3400,47.1200
585.8300,379.8600,85.3400,47.1200
585.8300,379.8600,85.3400,47.1200
585.8300,379.8600,85.3400,47.1200
585.8300,379.8600,85.3400,47.1200
2
0
0
0
0
1
578.0000,307.0000,80.0000,54.0000
578.0000,307.0000,80.0000,54.0000
578.0000,307.0000,80.0000,54.0000
578.0000,307.0000,80.0000,54.0000
578.0000,307.0000,80.0000,54.0000
578.0000,307.0000,80.0000,54.0000
578.0000,307.0000,80.0000,54.0000
578.0000,307.0000,80.0000,54.0000
578.0000,307.0000,80.0000,54.0000
578.0000,307.0000,80.0000,54.0000
578.0000,307.0000,80.0000,54.0000
2
0
0
0
0
1
590.2300,235.8700,43.2400,54.8600
590.2300,235.8700,43.2400,54.8600
590.2300,235.8700,43.2400,54.8600
590.2300,235.8700,43.2400,54.8600
590.2300,235.8700,43.2400,54.8600
590.2300,235.8700,43.2400,54.8600
590.2300,235.8700,43.2400,54.8600
590.2300,235.8700,43.2400,54.8600
590.2300,235.8700,43.2400,54.8600
590.2300,235.8700,43.2400,54.8600
590.2300,235.8700,43.2400,54.8600
590.2300,235.8700,43.2400,54.8600
590.2300,235.8700,43.2400,54.8600
590.2300,235.8700,43.2400,54.8600
590.2300,235.8700,43.2400,54.8600
590.2300,235.8700,43.2400,54.8600
590.2300,235.8700,43.2400,54.8600
590.2300,235.8700,43.2400,54.8600
590.2300,235.8700,43.2400,54.8600
590.2300,235.8700,43.2400,54.8600
2
0
0
0
0
1
580.6300,333.4900,96.1800,56.2400
580.6300,333.4900,96.1800,56.2400
580.6300,333.4900,96.1800,56.2400
580.6300,333.4900,96.1800,56.2400
580.6300,333.4900,96.1800,56.2400
580.6300,333.4900,96.1800,56.2400
580.6300,333.4900,96.1800,56.2400
580.6300,333.4900,96.1800,56.2400
580.6300,333.4900,96.1800,56.2400
580.6300,333.4900,96.1800,56.2400
580.6300,333.4900,96.1800,56.2400
580.6300,333.4900,96.1800,56.2400
580.6300,333.4900,96.1800,56.2400
2
0
0
0
0
1
605.5500,384.1000,68.4000,35.8000
605.5500,384.1000,68.4000,35.8000
605.5500,384.1000,68.4000,35.8000
605.5500,384.1000,68.4000,35.8000
605.5500,384.1000,68.4000,35.8000
2
0
0
0
0
1
603.6800,324.1900,53.7500,27.2900
603.6800,324.1900,53.7500,27.2900
603.6800,324.1900,53.7500,27.2900
603.6800,324.1900,53.7500,27.2900
603.6800,324.1900,53.7500,27.2900
603.6800,324.1900,53.7500,27.2900
2
0
0
0
0
1
587.0000,298.0000,71.0000,27.0000
587.0000,298.0000,71.0000,27.0000
587.0000,298.0000,71.0000,27.0000
587.0000,298.0000,71.0000,27.0000
587.0000,298.0000,71.0000,27.0000
587.0000,298.0000,71.0000,27.0000
587.0000,298.0000,71.0000,27.0000
587.0000,298.0000,71.0000,27.0000
587.0000,298.0000,71.0000,27.0000
587.0000,298.0000,71.0000,27.0000
587.0000,298.0000,71.0000,27.0000
587.0000,298.0000,71.0000,27.0000
587.0000,298.0000,71.0000,27.0000
587.0000,298.0000,71.0000,27.0000
587.0000,298.0000,71.0000,27.0000
2
0
0
0
0
1
590.1900,353.4400,86.6200,53.1200
590.1900,353.4400,86.6200,53.1200
590.1900,353.4400,86.6200,53.1200
590.1900,353.4400,86.6200,53.1200
590.1900,353.4400,86.6200,53.1200
590.1900,353.4400,86.6200,53.1200
590.1900,353.4400,86.6200,53.1200
590.1900,353.4400,86.6200,53.1200
590.1900,353.4400,86.6200,53.1200
590.1900,353.4400,86.6200,53.1200
590.1900,353.4400,86.6200,53.1200
590.1900,353.4400,86.6200,53.1200
590.1900,353.4400,86.6200,53.1200
590.1900,353.4400,86.6200,53.1200
590.1900,353.4400,86.6200,53.1200
590.1900,353.4400,86.6200,53.1200
590.1900,353.4400,86.6200,53.1200
590.1900,353.4400,86.6200,53.1200
590.1900,353.4400,86.6200,53.1200
590.1900,353.4400,86.6200,53.1200
590.1900,353.4400,86.6200,53.1200
590.1900,353.4400,86.6200,53.1200
590.1900,353.4400,86.6200,53.1200
590.1900,353.4400,86.6200,53.1200
590.1900,353.4400,86.6200,53.1200
590.1900,353.4400,86.6200,53.1200
590.1900,353.4400,86.6200,53.1200
2
0
0
0
0
1
607.2800,282.9300,48.9200,52.2800
607.2800,282.9300,48.9200,52.2800
607.2800,282.9300,48.9200,52.2800
607.2800,282.9300,48.9200,52.2800
607.2800,282.9300,48.9200,52.2800
607.2800,282.9300,48.9200,52.2800
607.2800,282.9300,48.9200,52.2800
607.2800,282.9300,48.9200,52.2800
607.2800,282.9300,48.9200,52.2800
607.2800,282.9300,48.9200,52.2800
607.2800,282.9300,48.9200,52.2800
607.2800,282.9300,48.9200,52.2800
607.2800,282.9300,48.9200,52.2800
607.2800,282.9300,48.9200,52.2800
607.2800,282.9300,48.9200,52.2800
607.2800,282.9300,48.9200,52.2800
607.2800,282.9300,48.9200,52.2800
607.2800,282.9300,48.9200,52.2800
607.2800,282.9300,48.9200,52.2800
607.2800,282.9300,48.9200,52.2800
607.2800,282.9300,48.9200,52.2800
2
0
0
0
0
1
587.0000,384.0000,68.0000,20.0000
587.0000,384.0000,68.0000,20.0000
587.0000,384.0000,68.0000,20.0000
587.0000,384.0000,68.0000,20.0000
587.0000,384.0000,68.0000,20.0000
587.0000,384.0000,68.0000,20.0000
587.0000,384.0000,68.0000,20.0000
2
0
0
0
0
1
637.0300,416.3600,47.6400,27.2700
637.0300,416.3600,47.6400,27.2700
637.0300,416.3600,47.6400,27.2700
637.0300,416.3600,47.6400,27.2700
637.0300,416.3600,47.6400,27.2700
637.0300,416.3600,47.6400,27.2700
637.0300,416.3600,47.6400,27.2700
637.0300,416.3600,47.6400,27.2700
637.0300,416.3600,47.6400,27.2700
637.0300,416.3600,47.6400,27.2700
637.0300,416.3600,47.6400,27.2700
637.0300,416.3600,47.6400,27.2700
637.0300,416.3600,47.6400,27.2700
637.0300,416.3600,47.6400,27.2700
637.0300,416.3600,47.6400,27.2700
637.0300,416.3600,47.6400,27.2700
637.0300,416.3600,47.6400,27.2700
637.0300,416.3600,47.6400,27.2700
637.0300,416.3600,47.6400,27.2700
637.0300,416.3600,47.6400,27.2700
637.0300,416.3600,47.6400,27.2700
2
0
0
0
0
1
450.7400,377.7800,81.1400,59.3400
450.7400,377.7800,81.1400,59.3400
450.7400,377.7800,81.1400,59.3400
2
0
0
0
0
1
240.4700,323.2600,53.5400,58.4900
240.4700,323.2600,53.5400,58.4900
2
0
0
0
