1
185.720001,208.729996,45.009995,110.979996
185.720001,208.729996,45.009995,110.979996
185.720001,208.729996,45.009995,110.979996
185.720001,208.729996,45.009995,110.979996
185.720001,208.729996,45.009995,110.979996
185.720001,208.729996,45.009995,110.979996
185.720001,208.729996,45.009995,110.979996
185.720001,208.729996,45.009995,110.979996
185.720001,208.729996,45.009995,110.979996
185.720001,208.729996,45.009995,110.979996
185.720001,208.729996,45.009995,110.979996
185.720001,208.729996,45.009995,110.979996
185.720001,208.729996,45.009995,110.979996
185.720001,208.729996,45.009995,110.979996
185.720001,208.729996,45.009995,110.979996
185.720001,208.729996,45.009995,110.979996
185.720001,208.729996,45.009995,110.979996
185.720001,208.729996,45.009995,110.979996
185.720001,208.729996,45.009995,110.979996
185.720001,208.729996,45.009995,110.979996
185.720001,208.729996,45.009995,110.979996
185.720001,208.729996,45.009995,110.979996
185.720001,208.729996,45.009995,110.979996
185.720001,208.729996,45.009995,110.979996
185.720001,208.729996,45.009995,110.979996
185.720001,208.729996,45.009995,110.979996
185.720001,208.729996,45.009995,110.979996
2
0
0
0
0
1
251.229996,225.630005,45.110001,100.320007
251.229996,225.630005,45.110001,100.320007
251.229996,225.630005,45.110001,100.320007
251.229996,225.630005,45.110001,100.320007
251.229996,225.630005,45.110001,100.320007
251.229996,225.630005,45.110001,100.320007
251.229996,225.630005,45.110001,100.320007
251.229996,225.630005,45.110001,100.320007
251.229996,225.630005,45.110001,100.320007
251.229996,225.630005,45.110001,100.320007
251.229996,225.630005,45.110001,100.320007
251.229996,225.630005,45.110001,100.320007
251.229996,225.630005,45.110001,100.320007
251.229996,225.630005,45.110001,100.320007
251.229996,225.630005,45.110001,100.320007
251.229996,225.630005,45.110001,100.320007
251.229996,225.630005,45.110001,100.320007
251.229996,225.630005,45.110001,100.320007
251.229996,225.630005,45.110001,100.320007
251.229996,225.630005,45.110001,100.320007
251.229996,225.630005,45.110001,100.320007
251.229996,225.630005,45.110001,100.320007
251.229996,225.630005,45.110001,100.320007
251.229996,225.630005,45.110001,100.320007
251.229996,225.630005,45.110001,100.320007
251.229996,225.630005,45.110001,100.320007
251.229996,225.630005,45.110001,100.320007
251.229996,225.630005,45.110001,100.320007
251.229996,225.630005,45.110001,100.320007
251.229996,225.630005,45.110001,100.320007
251.229996,225.630005,45.110001,100.320007
251.229996,225.630005,45.110001,100.320007
251.229996,225.630005,45.110001,100.320007
251.229996,225.630005,45.110001,100.320007
251.229996,225.630005,45.110001,100.320007
251.229996,225.630005,45.110001,100.320007
251.229996,225.630005,45.110001,100.320007
251.229996,225.630005,45.110001,100.320007
251.229996,225.630005,45.110001,100.320007
251.229996,225.630005,45.110001,100.320007
2
0
0
0
0
1
157.929993,228.479996,56.230011,116.770004
157.929993,228.479996,56.230011,116.770004
157.929993,228.479996,56.230011,116.770004
157.929993,228.479996,56.230011,116.770004
157.929993,228.479996,56.230011,116.770004
157.929993,228.479996,56.230011,116.770004
157.929993,228.479996,56.230011,116.770004
157.929993,228.479996,56.230011,116.770004
157.929993,228.479996,56.230011,116.770004
157.929993,228.479996,56.230011,116.770004
157.929993,228.479996,56.230011,116.770004
157.929993,228.479996,56.230011,116.770004
157.929993,228.479996,56.230011,116.770004
157.929993,228.479996,56.230011,116.770004
157.929993,228.479996,56.230011,116.770004
157.929993,228.479996,56.230011,116.770004
2
0
0
0
0
1
104.599998,203.460007,61.209999,120.520004
104.599998,203.460007,61.209999,120.520004
104.599998,203.460007,61.209999,120.520004
104.599998,203.460007,61.209999,120.520004
104.599998,203.460007,61.209999,120.520004
104.599998,203.460007,61.209999,120.520004
104.599998,203.460007,61.209999,120.520004
104.599998,203.460007,61.209999,120.520004
104.599998,203.460007,61.209999,120.520004
104.599998,203.460007,61.209999,120.520004
104.599998,203.460007,61.209999,120.520004
104.599998,203.460007,61.209999,120.520004
104.599998,203.460007,61.209999,120.520004
104.599998,203.460007,61.209999,120.520004
104.599998,203.460007,61.209999,120.520004
104.599998,203.460007,61.209999,120.520004
104.599998,203.460007,61.209999,120.520004
2
0
0
0
0
1
179.830002,176.869995,47.080002,105.330017
179.830002,176.869995,47.080002,105.330017
179.830002,176.869995,47.080002,105.330017
179.830002,176.869995,47.080002,105.330017
179.830002,176.869995,47.080002,105.330017
179.830002,176.869995,47.080002,105.330017
179.830002,176.869995,47.080002,105.330017
179.830002,176.869995,47.080002,105.330017
179.830002,176.869995,47.080002,105.330017
179.830002,176.869995,47.080002,105.330017
179.830002,176.869995,47.080002,105.330017
179.830002,176.869995,47.080002,105.330017
179.830002,176.869995,47.080002,105.330017
179.830002,176.869995,47.080002,105.330017
179.830002,176.869995,47.080002,105.330017
179.830002,176.869995,47.080002,105.330017
179.830002,176.869995,47.080002,105.330017
179.830002,176.869995,47.080002,105.330017
179.830002,176.869995,47.080002,105.330017
179.830002,176.869995,47.080002,105.330017
179.830002,176.869995,47.080002,105.330017
2
0
0
0
0
1
227.990005,163.169998,43.969986,107.789993
227.990005,163.169998,43.969986,107.789993
227.990005,163.169998,43.969986,107.789993
227.990005,163.169998,43.969986,107.789993
227.990005,163.169998,43.969986,107.789993
227.990005,163.169998,43.969986,107.789993
227.990005,163.169998,43.969986,107.789993
227.990005,163.169998,43.969986,107.789993
227.990005,163.169998,43.969986,107.789993
227.990005,163.169998,43.969986,107.789993
227.990005,163.169998,43.969986,107.789993
227.990005,163.169998,43.969986,107.789993
227.990005,163.169998,43.969986,107.789993
227.990005,163.169998,43.969986,107.789993
227.990005,163.169998,43.969986,107.789993
227.990005,163.169998,43.969986,107.789993
2
0
0
0
0
1
271.350006,150.809998,51.589996,102.350006
271.350006,150.809998,51.589996,102.350006
271.350006,150.809998,51.589996,102.350006
271.350006,150.809998,51.589996,102.350006
271.350006,150.809998,51.589996,102.350006
271.350006,150.809998,51.589996,102.350006
271.350006,150.809998,51.589996,102.350006
271.350006,150.809998,51.589996,102.350006
271.350006,150.809998,51.589996,102.350006
271.350006,150.809998,51.589996,102.350006
271.350006,150.809998,51.589996,102.350006
271.350006,150.809998,51.589996,102.350006
271.350006,150.809998,51.589996,102.350006
271.350006,150.809998,51.589996,102.350006
271.350006,150.809998,51.589996,102.350006
271.350006,150.809998,51.589996,102.350006
271.350006,150.809998,51.589996,102.350006
271.350006,150.809998,51.589996,102.350006
271.350006,150.809998,51.589996,102.350006
271.350006,150.809998,51.589996,102.350006
271.350006,150.809998,51.589996,102.350006
271.350006,150.809998,51.589996,102.350006
271.350006,150.809998,51.589996,102.350006
271.350006,150.809998,51.589996,102.350006
271.350006,150.809998,51.589996,102.350006
271.350006,150.809998,51.589996,102.350006
271.350006,150.809998,51.589996,102.350006
271.350006,150.809998,51.589996,102.350006
271.350006,150.809998,51.589996,102.350006
271.350006,150.809998,51.589996,102.350006
271.350006,150.809998,51.589996,102.350006
271.350006,150.809998,51.589996,102.350006
271.350006,150.809998,51.589996,102.350006
271.350006,150.809998,51.589996,102.350006
271.350006,150.809998,51.589996,102.350006
271.350006,150.809998,51.589996,102.350006
271.350006,150.809998,51.589996,102.350006
271.350006,150.809998,51.589996,102.350006
271.350006,150.809998,51.589996,102.350006
271.350006,150.809998,51.589996,102.350006
271.350006,150.809998,51.589996,102.350006
271.350006,150.809998,51.589996,102.350006
271.350006,150.809998,51.589996,102.350006
271.350006,150.809998,51.589996,102.350006
271.350006,150.809998,51.589996,102.350006
271.350006,150.809998,51.589996,102.350006
271.350006,150.809998,51.589996,102.350006
271.350006,150.809998,51.589996,102.350006
271.350006,150.809998,51.589996,102.350006
271.350006,150.809998,51.589996,102.350006
271.350006,150.809998,51.589996,102.350006
271.350006,150.809998,51.589996,102.350006
271.350006,150.809998,51.589996,102.350006
271.350006,150.809998,51.589996,102.350006
271.350006,150.809998,51.589996,102.350006
271.350006,150.809998,51.589996,102.350006
271.350006,150.809998,51.589996,102.350006
271.350006,150.809998,51.589996,102.350006
271.350006,150.809998,51.589996,102.350006
271.350006,150.809998,51.589996,102.350006
271.350006,150.809998,51.589996,102.350006
271.350006,150.809998,51.589996,102.350006
271.350006,150.809998,51.589996,102.350006
271.350006,150.809998,51.589996,102.350006
271.350006,150.809998,51.589996,102.350006
271.350006,150.809998,51.589996,102.350006
271.350006,150.809998,51.589996,102.350006
271.350006,150.809998,51.589996,102.350006
271.350006,150.809998,51.589996,102.350006
271.350006,150.809998,51.589996,102.350006
2
0
0
0
0
1
222.080002,181.520004,36.580002,120.330002
222.080002,181.520004,36.580002,120.330002
222.080002,181.520004,36.580002,120.330002
222.080002,181.520004,36.580002,120.330002
222.080002,181.520004,36.580002,120.330002
222.080002,181.520004,36.580002,120.330002
222.080002,181.520004,36.580002,120.330002
222.080002,181.520004,36.580002,120.330002
222.080002,181.520004,36.580002,120.330002
222.080002,181.520004,36.580002,120.330002
222.080002,181.520004,36.580002,120.330002
222.080002,181.520004,36.580002,120.330002
222.080002,181.520004,36.580002,120.330002
222.080002,181.520004,36.580002,120.330002
222.080002,181.520004,36.580002,120.330002
222.080002,181.520004,36.580002,120.330002
222.080002,181.520004,36.580002,120.330002
222.080002,181.520004,36.580002,120.330002
222.080002,181.520004,36.580002,120.330002
222.080002,181.520004,36.580002,120.330002
222.080002,181.520004,36.580002,120.330002
222.080002,181.520004,36.580002,120.330002
222.080002,181.520004,36.580002,120.330002
222.080002,181.520004,36.580002,120.330002
222.080002,181.520004,36.580002,120.330002
222.080002,181.520004,36.580002,120.330002
222.080002,181.520004,36.580002,120.330002
222.080002,181.520004,36.580002,120.330002
222.080002,181.520004,36.580002,120.330002
222.080002,181.520004,36.580002,120.330002
222.080002,181.520004,36.580002,120.330002
222.080002,181.520004,36.580002,120.330002
222.080002,181.520004,36.580002,120.330002
222.080002,181.520004,36.580002,120.330002
222.080002,181.520004,36.580002,120.330002
222.080002,181.520004,36.580002,120.330002
222.080002,181.520004,36.580002,120.330002
222.080002,181.520004,36.580002,120.330002
222.080002,181.520004,36.580002,120.330002
222.080002,181.520004,36.580002,120.330002
222.080002,181.520004,36.580002,120.330002
222.080002,181.520004,36.580002,120.330002
222.080002,181.520004,36.580002,120.330002
222.080002,181.520004,36.580002,120.330002
222.080002,181.520004,36.580002,120.330002
222.080002,181.520004,36.580002,120.330002
222.080002,181.520004,36.580002,120.330002
222.080002,181.520004,36.580002,120.330002
222.080002,181.520004,36.580002,120.330002
222.080002,181.520004,36.580002,120.330002
222.080002,181.520004,36.580002,120.330002
2
0
0
0
0
1
157.279999,198.330002,50.300003,109.180008
157.279999,198.330002,50.300003,109.180008
157.279999,198.330002,50.300003,109.180008
157.279999,198.330002,50.300003,109.180008
157.279999,198.330002,50.300003,109.180008
157.279999,198.330002,50.300003,109.180008
157.279999,198.330002,50.300003,109.180008
157.279999,198.330002,50.300003,109.180008
157.279999,198.330002,50.300003,109.180008
157.279999,198.330002,50.300003,109.180008
157.279999,198.330002,50.300003,109.180008
157.279999,198.330002,50.300003,109.180008
157.279999,198.330002,50.300003,109.180008
157.279999,198.330002,50.300003,109.180008
157.279999,198.330002,50.300003,109.180008
157.279999,198.330002,50.300003,109.180008
157.279999,198.330002,50.300003,109.180008
157.279999,198.330002,50.300003,109.180008
157.279999,198.330002,50.300003,109.180008
157.279999,198.330002,50.300003,109.180008
157.279999,198.330002,50.300003,109.180008
157.279999,198.330002,50.300003,109.180008
157.279999,198.330002,50.300003,109.180008
157.279999,198.330002,50.300003,109.180008
157.279999,198.330002,50.300003,109.180008
157.279999,198.330002,50.300003,109.180008
157.279999,198.330002,50.300003,109.180008
157.279999,198.330002,50.300003,109.180008
157.279999,198.330002,50.300003,109.180008
157.279999,198.330002,50.300003,109.180008
157.279999,198.330002,50.300003,109.180008
157.279999,198.330002,50.300003,109.180008
157.279999,198.330002,50.300003,109.180008
157.279999,198.330002,50.300003,109.180008
157.279999,198.330002,50.300003,109.180008
157.279999,198.330002,50.300003,109.180008
157.279999,198.330002,50.300003,109.180008
157.279999,198.330002,50.300003,109.180008
157.279999,198.330002,50.300003,109.180008
157.279999,198.330002,50.300003,109.180008
157.279999,198.330002,50.300003,109.180008
157.279999,198.330002,50.300003,109.180008
157.279999,198.330002,50.300003,109.180008
157.279999,198.330002,50.300003,109.180008
157.279999,198.330002,50.300003,109.180008
157.279999,198.330002,50.300003,109.180008
157.279999,198.330002,50.300003,109.180008
157.279999,198.330002,50.300003,109.180008
157.279999,198.330002,50.300003,109.180008
157.279999,198.330002,50.300003,109.180008
157.279999,198.330002,50.300003,109.180008
157.279999,198.330002,50.300003,109.180008
157.279999,198.330002,50.300003,109.180008
157.279999,198.330002,50.300003,109.180008
157.279999,198.330002,50.300003,109.180008
157.279999,198.330002,50.300003,109.180008
157.279999,198.330002,50.300003,109.180008
157.279999,198.330002,50.300003,109.180008
157.279999,198.330002,50.300003,109.180008
157.279999,198.330002,50.300003,109.180008
157.279999,198.330002,50.300003,109.180008
157.279999,198.330002,50.300003,109.180008
157.279999,198.330002,50.300003,109.180008
157.279999,198.330002,50.300003,109.180008
157.279999,198.330002,50.300003,109.180008
157.279999,198.330002,50.300003,109.180008
157.279999,198.330002,50.300003,109.180008
157.279999,198.330002,50.300003,109.180008
157.279999,198.330002,50.300003,109.180008
157.279999,198.330002,50.300003,109.180008
157.279999,198.330002,50.300003,109.180008
157.279999,198.330002,50.300003,109.180008
157.279999,198.330002,50.300003,109.180008
157.279999,198.330002,50.300003,109.180008
157.279999,198.330002,50.300003,109.180008
157.279999,198.330002,50.300003,109.180008
157.279999,198.330002,50.300003,109.180008
157.279999,198.330002,50.300003,109.180008
157.279999,198.330002,50.300003,109.180008
157.279999,198.330002,50.300003,109.180008
157.279999,198.330002,50.300003,109.180008
157.279999,198.330002,50.300003,109.180008
157.279999,198.330002,50.300003,109.180008
157.279999,198.330002,50.300003,109.180008
157.279999,198.330002,50.300003,109.180008
157.279999,198.330002,50.300003,109.180008
157.279999,198.330002,50.300003,109.180008
157.279999,198.330002,50.300003,109.180008
157.279999,198.330002,50.300003,109.180008
157.279999,198.330002,50.300003,109.180008
157.279999,198.330002,50.300003,109.180008
157.279999,198.330002,50.300003,109.180008
157.279999,198.330002,50.300003,109.180008
157.279999,198.330002,50.300003,109.180008
157.279999,198.330002,50.300003,109.180008
157.279999,198.330002,50.300003,109.180008
157.279999,198.330002,50.300003,109.180008
157.279999,198.330002,50.300003,109.180008
157.279999,198.330002,50.300003,109.180008
157.279999,198.330002,50.300003,109.180008
157.279999,198.330002,50.300003,109.180008
157.279999,198.330002,50.300003,109.180008
157.279999,198.330002,50.300003,109.180008
157.279999,198.330002,50.300003,109.180008
157.279999,198.330002,50.300003,109.180008
157.279999,198.330002,50.300003,109.180008
157.279999,198.330002,50.300003,109.180008
157.279999,198.330002,50.300003,109.180008
157.279999,198.330002,50.300003,109.180008
157.279999,198.330002,50.300003,109.180008
157.279999,198.330002,50.300003,109.180008
157.279999,198.330002,50.300003,109.180008
157.279999,198.330002,50.300003,109.180008
157.279999,198.330002,50.300003,109.180008
157.279999,198.330002,50.300003,109.180008
157.279999,198.330002,50.300003,109.180008
157.279999,198.330002,50.300003,109.180008
157.279999,198.330002,50.300003,109.180008
157.279999,198.330002,50.300003,109.180008
157.279999,198.330002,50.300003,109.180008
157.279999,198.330002,50.300003,109.180008
157.279999,198.330002,50.300003,109.180008
157.279999,198.330002,50.300003,109.180008
157.279999,198.330002,50.300003,109.180008
157.279999,198.330002,50.300003,109.180008
157.279999,198.330002,50.300003,109.180008
157.279999,198.330002,50.300003,109.180008
157.279999,198.330002,50.300003,109.180008
157.279999,198.330002,50.300003,109.180008
157.279999,198.330002,50.300003,109.180008
157.279999,198.330002,50.300003,109.180008
157.279999,198.330002,50.300003,109.180008
157.279999,198.330002,50.300003,109.180008
157.279999,198.330002,50.300003,109.180008
157.279999,198.330002,50.300003,109.180008
157.279999,198.330002,50.300003,109.180008
157.279999,198.330002,50.300003,109.180008
157.279999,198.330002,50.300003,109.180008
157.279999,198.330002,50.300003,109.180008
157.279999,198.330002,50.300003,109.180008
157.279999,198.330002,50.300003,109.180008
157.279999,198.330002,50.300003,109.180008
157.279999,198.330002,50.300003,109.180008
2
0
0
0
0
1
206.960007,220.660004,58.270004,125.339996
206.960007,220.660004,58.270004,125.339996
206.960007,220.660004,58.270004,125.339996
206.960007,220.660004,58.270004,125.339996
206.960007,220.660004,58.270004,125.339996
206.960007,220.660004,58.270004,125.339996
206.960007,220.660004,58.270004,125.339996
206.960007,220.660004,58.270004,125.339996
206.960007,220.660004,58.270004,125.339996
206.960007,220.660004,58.270004,125.339996
2
0
0
0
0
1
291.220001,218.889999,56.190002,125.909988
291.220001,218.889999,56.190002,125.909988
291.220001,218.889999,56.190002,125.909988
291.220001,218.889999,56.190002,125.909988
291.220001,218.889999,56.190002,125.909988
291.220001,218.889999,56.190002,125.909988
291.220001,218.889999,56.190002,125.909988
2
0
0
0
0
1
399.950012,227.020004,40.289978,78.159988
399.950012,227.020004,40.289978,78.159988
399.950012,227.020004,40.289978,78.159988
399.950012,227.020004,40.289978,78.159988
399.950012,227.020004,40.289978,78.159988
399.950012,227.020004,40.289978,78.159988
399.950012,227.020004,40.289978,78.159988
399.950012,227.020004,40.289978,78.159988
399.950012,227.020004,40.289978,78.159988
399.950012,227.020004,40.289978,78.159988
399.950012,227.020004,40.289978,78.159988
399.950012,227.020004,40.289978,78.159988
399.950012,227.020004,40.289978,78.159988
399.950012,227.020004,40.289978,78.159988
399.950012,227.020004,40.289978,78.159988
399.950012,227.020004,40.289978,78.159988
399.950012,227.020004,40.289978,78.159988
399.950012,227.020004,40.289978,78.159988
399.950012,227.020004,40.289978,78.159988
399.950012,227.020004,40.289978,78.159988
399.950012,227.020004,40.289978,78.159988
399.950012,227.020004,40.289978,78.159988
399.950012,227.020004,40.289978,78.159988
399.950012,227.020004,40.289978,78.159988
399.950012,227.020004,40.289978,78.159988
399.950012,227.020004,40.289978,78.159988
399.950012,227.020004,40.289978,78.159988
2
0
0
0
0
1
342.309998,177.500000,55.040009,109.730011
342.309998,177.500000,55.040009,109.730011
342.309998,177.500000,55.040009,109.730011
342.309998,177.500000,55.040009,109.730011
342.309998,177.500000,55.040009,109.730011
342.309998,177.500000,55.040009,109.730011
342.309998,177.500000,55.040009,109.730011
342.309998,177.500000,55.040009,109.730011
342.309998,177.500000,55.040009,109.730011
342.309998,177.500000,55.040009,109.730011
342.309998,177.500000,55.040009,109.730011
342.309998,177.500000,55.040009,109.730011
342.309998,177.500000,55.040009,109.730011
342.309998,177.500000,55.040009,109.730011
342.309998,177.500000,55.040009,109.730011
342.309998,177.500000,55.040009,109.730011
342.309998,177.500000,55.040009,109.730011
342.309998,177.500000,55.040009,109.730011
342.309998,177.500000,55.040009,109.730011
342.309998,177.500000,55.040009,109.730011
342.309998,177.500000,55.040009,109.730011
342.309998,177.500000,55.040009,109.730011
342.309998,177.500000,55.040009,109.730011
342.309998,177.500000,55.040009,109.730011
342.309998,177.500000,55.040009,109.730011
342.309998,177.500000,55.040009,109.730011
342.309998,177.500000,55.040009,109.730011
342.309998,177.500000,55.040009,109.730011
342.309998,177.500000,55.040009,109.730011
342.309998,177.500000,55.040009,109.730011
342.309998,177.500000,55.040009,109.730011
342.309998,177.500000,55.040009,109.730011
342.309998,177.500000,55.040009,109.730011
342.309998,177.500000,55.040009,109.730011
342.309998,177.500000,55.040009,109.730011
342.309998,177.500000,55.040009,109.730011
342.309998,177.500000,55.040009,109.730011
342.309998,177.500000,55.040009,109.730011
342.309998,177.500000,55.040009,109.730011
342.309998,177.500000,55.040009,109.730011
342.309998,177.500000,55.040009,109.730011
342.309998,177.500000,55.040009,109.730011
342.309998,177.500000,55.040009,109.730011
342.309998,177.500000,55.040009,109.730011
342.309998,177.500000,55.040009,109.730011
342.309998,177.500000,55.040009,109.730011
342.309998,177.500000,55.040009,109.730011
342.309998,177.500000,55.040009,109.730011
342.309998,177.500000,55.040009,109.730011
342.309998,177.500000,55.040009,109.730011
342.309998,177.500000,55.040009,109.730011
2
0
0
0
0
1
290.489990,173.529999,49.710022,115.299988
290.489990,173.529999,49.710022,115.299988
290.489990,173.529999,49.710022,115.299988
290.489990,173.529999,49.710022,115.299988
290.489990,173.529999,49.710022,115.299988
290.489990,173.529999,49.710022,115.299988
290.489990,173.529999,49.710022,115.299988
290.489990,173.529999,49.710022,115.299988
290.489990,173.529999,49.710022,115.299988
290.489990,173.529999,49.710022,115.299988
290.489990,173.529999,49.710022,115.299988
290.489990,173.529999,49.710022,115.299988
290.489990,173.529999,49.710022,115.299988
290.489990,173.529999,49.710022,115.299988
290.489990,173.529999,49.710022,115.299988
290.489990,173.529999,49.710022,115.299988
290.489990,173.529999,49.710022,115.299988
290.489990,173.529999,49.710022,115.299988
290.489990,173.529999,49.710022,115.299988
290.489990,173.529999,49.710022,115.299988
290.489990,173.529999,49.710022,115.299988
290.489990,173.529999,49.710022,115.299988
290.489990,173.529999,49.710022,115.299988
290.489990,173.529999,49.710022,115.299988
290.489990,173.529999,49.710022,115.299988
290.489990,173.529999,49.710022,115.299988
290.489990,173.529999,49.710022,115.299988
290.489990,173.529999,49.710022,115.299988
290.489990,173.529999,49.710022,115.299988
290.489990,173.529999,49.710022,115.299988
290.489990,173.529999,49.710022,115.299988
290.489990,173.529999,49.710022,115.299988
290.489990,173.529999,49.710022,115.299988
290.489990,173.529999,49.710022,115.299988
290.489990,173.529999,49.710022,115.299988
290.489990,173.529999,49.710022,115.299988
290.489990,173.529999,49.710022,115.299988
290.489990,173.529999,49.710022,115.299988
290.489990,173.529999,49.710022,115.299988
290.489990,173.529999,49.710022,115.299988
290.489990,173.529999,49.710022,115.299988
290.489990,173.529999,49.710022,115.299988
290.489990,173.529999,49.710022,115.299988
290.489990,173.529999,49.710022,115.299988
290.489990,173.529999,49.710022,115.299988
290.489990,173.529999,49.710022,115.299988
290.489990,173.529999,49.710022,115.299988
290.489990,173.529999,49.710022,115.299988
290.489990,173.529999,49.710022,115.299988
290.489990,173.529999,49.710022,115.299988
290.489990,173.529999,49.710022,115.299988
290.489990,173.529999,49.710022,115.299988
290.489990,173.529999,49.710022,115.299988
290.489990,173.529999,49.710022,115.299988
290.489990,173.529999,49.710022,115.299988
290.489990,173.529999,49.710022,115.299988
290.489990,173.529999,49.710022,115.299988
290.489990,173.529999,49.710022,115.299988
290.489990,173.529999,49.710022,115.299988
290.489990,173.529999,49.710022,115.299988
290.489990,173.529999,49.710022,115.299988
290.489990,173.529999,49.710022,115.299988
290.489990,173.529999,49.710022,115.299988
290.489990,173.529999,49.710022,115.299988
290.489990,173.529999,49.710022,115.299988
290.489990,173.529999,49.710022,115.299988
290.489990,173.529999,49.710022,115.299988
290.489990,173.529999,49.710022,115.299988
290.489990,173.529999,49.710022,115.299988
290.489990,173.529999,49.710022,115.299988
290.489990,173.529999,49.710022,115.299988
290.489990,173.529999,49.710022,115.299988
290.489990,173.529999,49.710022,115.299988
290.489990,173.529999,49.710022,115.299988
290.489990,173.529999,49.710022,115.299988
290.489990,173.529999,49.710022,115.299988
290.489990,173.529999,49.710022,115.299988
290.489990,173.529999,49.710022,115.299988
290.489990,173.529999,49.710022,115.299988
290.489990,173.529999,49.710022,115.299988
290.489990,173.529999,49.710022,115.299988
2
0
0
0
0
1
335.390015,203.889999,37.929993,110.479996
335.390015,203.889999,37.929993,110.479996
335.390015,203.889999,37.929993,110.479996
335.390015,203.889999,37.929993,110.479996
335.390015,203.889999,37.929993,110.479996
335.390015,203.889999,37.929993,110.479996
335.390015,203.889999,37.929993,110.479996
335.390015,203.889999,37.929993,110.479996
335.390015,203.889999,37.929993,110.479996
335.390015,203.889999,37.929993,110.479996
335.390015,203.889999,37.929993,110.479996
335.390015,203.889999,37.929993,110.479996
335.390015,203.889999,37.929993,110.479996
335.390015,203.889999,37.929993,110.479996
335.390015,203.889999,37.929993,110.479996
335.390015,203.889999,37.929993,110.479996
335.390015,203.889999,37.929993,110.479996
335.390015,203.889999,37.929993,110.479996
335.390015,203.889999,37.929993,110.479996
335.390015,203.889999,37.929993,110.479996
335.390015,203.889999,37.929993,110.479996
335.390015,203.889999,37.929993,110.479996
335.390015,203.889999,37.929993,110.479996
335.390015,203.889999,37.929993,110.479996
335.390015,203.889999,37.929993,110.479996
335.390015,203.889999,37.929993,110.479996
335.390015,203.889999,37.929993,110.479996
335.390015,203.889999,37.929993,110.479996
335.390015,203.889999,37.929993,110.479996
335.390015,203.889999,37.929993,110.479996
335.390015,203.889999,37.929993,110.479996
335.390015,203.889999,37.929993,110.479996
335.390015,203.889999,37.929993,110.479996
335.390015,203.889999,37.929993,110.479996
335.390015,203.889999,37.929993,110.479996
335.390015,203.889999,37.929993,110.479996
335.390015,203.889999,37.929993,110.479996
335.390015,203.889999,37.929993,110.479996
335.390015,203.889999,37.929993,110.479996
335.390015,203.889999,37.929993,110.479996
335.390015,203.889999,37.929993,110.479996
335.390015,203.889999,37.929993,110.479996
335.390015,203.889999,37.929993,110.479996
335.390015,203.889999,37.929993,110.479996
335.390015,203.889999,37.929993,110.479996
335.390015,203.889999,37.929993,110.479996
335.390015,203.889999,37.929993,110.479996
335.390015,203.889999,37.929993,110.479996
335.390015,203.889999,37.929993,110.479996
335.390015,203.889999,37.929993,110.479996
335.390015,203.889999,37.929993,110.479996
335.390015,203.889999,37.929993,110.479996
335.390015,203.889999,37.929993,110.479996
335.390015,203.889999,37.929993,110.479996
335.390015,203.889999,37.929993,110.479996
335.390015,203.889999,37.929993,110.479996
335.390015,203.889999,37.929993,110.479996
335.390015,203.889999,37.929993,110.479996
335.390015,203.889999,37.929993,110.479996
335.390015,203.889999,37.929993,110.479996
335.390015,203.889999,37.929993,110.479996
335.390015,203.889999,37.929993,110.479996
335.390015,203.889999,37.929993,110.479996
