1
525.5000,46.5000,26.0000,26.0000
525.5000,46.5000,26.0000,26.0000
2
0
0
0
0
1
510.5000,140.5000,24.0000,24.0000
2
0
0
0
0
1
569.5000,201.5000,21.0000,21.0000
569.5000,201.5000,21.0000,21.0000
2
0
0
0
0
1
615.0000,265.0000,14.0000,15.0000
615.0000,265.0000,14.0000,15.0000
615.0000,265.0000,14.0000,15.0000
615.0000,265.0000,14.0000,15.0000
2
0
0
0
0
1
637.0000,264.5000,22.5000,22.5000
637.0000,264.5000,22.5000,22.5000
637.0000,264.5000,22.5000,22.5000
637.0000,264.5000,22.5000,22.5000
637.0000,264.5000,22.5000,22.5000
637.0000,264.5000,22.5000,22.5000
637.0000,264.5000,22.5000,22.5000
