1
339.000000,38.000000,40.000000,40.000000
333.000000,25.000000,40.000000,40.000000
333.000000,18.000000,40.000000,40.000000
330.000000,50.000000,40.000000,40.000000
342.000000,21.000000,40.000000,40.000000
343.000000,18.000000,40.000000,40.000000
330.000000,49.000000,40.000000,40.000000
352.000000,31.000000,40.000000,40.000000
362.000000,41.000000,40.000000,40.000000
365.000000,73.000000,40.000000,40.000000
355.000000,80.000000,40.000000,40.000000
363.000000,61.000000,40.000000,40.000000
357.000000,70.000000,40.000000,40.000000
344.000000,92.000000,40.000000,40.000000
2
0
0
0
0
1
316.000000,24.000000,40.000000,40.000000
294.000000,40.000000,40.000000,40.000000
279.000000,26.000000,40.000000,40.000000
306.000000,19.000000,40.000000,40.000000
331.000000,32.000000,40.000000,40.000000
335.000000,29.000000,40.000000,40.000000
333.000000,27.000000,40.000000,40.000000
337.000000,27.000000,40.000000,40.000000
339.000000,26.000000,40.000000,40.000000
342.000000,24.000000,40.000000,40.000000
359.000000,28.000000,40.000000,40.000000
367.000000,33.000000,40.000000,40.000000
372.000000,46.000000,40.000000,40.000000
385.000000,57.000000,40.000000,40.000000
385.000000,88.000000,40.000000,40.000000
388.000000,98.000000,40.000000,40.000000
398.000000,109.000000,40.000000,40.000000
370.000000,86.000000,40.000000,40.000000
2
0
0
0
0
1
348.000000,45.000000,71.000000,73.000000
335.000000,37.000000,71.000000,73.000000
324.000000,24.000000,71.000000,73.000000
298.000000,19.000000,71.000000,73.000000
284.000000,20.000000,71.000000,73.000000
278.000000,18.000000,71.000000,73.000000
269.000000,31.000000,71.000000,73.000000
277.000000,32.000000,71.000000,73.000000
277.000000,24.000000,71.000000,73.000000
297.000000,26.000000,71.000000,73.000000
291.000000,20.000000,71.000000,73.000000
284.000000,18.000000,71.000000,73.000000
291.000000,14.000000,71.000000,73.000000
280.000000,13.000000,71.000000,73.000000
282.000000,13.000000,71.000000,73.000000
280.000000,19.000000,71.000000,73.000000
283.000000,18.000000,71.000000,73.000000
300.000000,14.000000,71.000000,73.000000
316.000000,16.000000,71.000000,73.000000
313.000000,8.000000,71.000000,73.000000
314.000000,7.000000,71.000000,73.000000
303.000000,15.000000,71.000000,73.000000
313.000000,16.000000,71.000000,73.000000
318.000000,7.000000,71.000000,73.000000
307.000000,18.000000,71.000000,73.000000
282.000000,42.000000,71.000000,73.000000
269.000000,62.000000,71.000000,73.000000
2
0
0
0
0
1
313.000000,122.000000,83.000000,106.000000
309.000000,146.000000,83.000000,106.000000
327.000000,164.000000,83.000000,106.000000
305.000000,181.000000,83.000000,106.000000
313.000000,155.000000,83.000000,106.000000
327.000000,180.000000,83.000000,106.000000
304.000000,159.000000,83.000000,106.000000
276.000000,134.000000,83.000000,106.000000
265.000000,108.000000,83.000000,106.000000
255.000000,81.000000,83.000000,106.000000
230.000000,64.000000,83.000000,106.000000
225.000000,47.000000,83.000000,106.000000
221.000000,30.000000,83.000000,106.000000
190.000000,35.000000,83.000000,106.000000
162.000000,21.000000,83.000000,106.000000
164.000000,25.000000,83.000000,106.000000
163.000000,45.000000,83.000000,106.000000
151.000000,31.000000,83.000000,106.000000
162.000000,56.000000,83.000000,106.000000
165.000000,90.000000,83.000000,106.000000
168.000000,59.000000,83.000000,106.000000
171.000000,47.000000,83.000000,106.000000
