1
337.000000,38.000000,40.000000,40.000000
333.000000,23.000000,40.000000,40.000000
334.000000,16.000000,40.000000,40.000000
324.000000,39.000000,40.000000,40.000000
337.000000,17.000000,40.000000,40.000000
341.000000,18.000000,40.000000,40.000000
337.000000,44.000000,40.000000,40.000000
360.000000,37.000000,40.000000,40.000000
364.000000,41.000000,40.000000,40.000000
360.000000,66.000000,40.000000,40.000000
356.000000,78.000000,40.000000,40.000000
365.000000,59.000000,40.000000,40.000000
354.000000,71.000000,40.000000,40.000000
343.000000,92.000000,40.000000,40.000000
314.000000,83.000000,40.000000,40.000000
339.000000,82.000000,40.000000,40.000000
341.000000,51.000000,40.000000,40.000000
333.000000,33.000000,40.000000,40.000000
319.000000,26.000000,40.000000,40.000000
319.000000,51.000000,40.000000,40.000000
304.000000,50.000000,40.000000,40.000000
2
0
0
0
0
1
329.000000,18.000000,58.000000,65.000000
331.000000,17.000000,58.000000,65.000000
334.000000,16.000000,58.000000,65.000000
346.000000,13.000000,58.000000,65.000000
360.000000,13.000000,58.000000,65.000000
364.000000,33.000000,58.000000,65.000000
366.000000,68.000000,58.000000,65.000000
364.000000,85.000000,58.000000,65.000000
385.000000,84.000000,58.000000,65.000000
400.000000,95.000000,58.000000,65.000000
384.000000,97.000000,58.000000,65.000000
362.000000,108.000000,58.000000,65.000000
369.000000,117.000000,58.000000,65.000000
378.000000,123.000000,58.000000,65.000000
385.000000,100.000000,58.000000,65.000000
384.000000,92.000000,58.000000,65.000000
370.000000,70.000000,58.000000,65.000000
348.000000,53.000000,58.000000,65.000000
349.000000,39.000000,58.000000,65.000000
329.000000,23.000000,58.000000,65.000000
303.000000,16.000000,58.000000,65.000000
286.000000,20.000000,58.000000,65.000000
287.000000,20.000000,58.000000,65.000000
269.000000,34.000000,58.000000,65.000000
288.000000,26.000000,58.000000,65.000000
293.000000,27.000000,58.000000,65.000000
300.000000,26.000000,58.000000,65.000000
293.000000,19.000000,58.000000,65.000000
300.000000,18.000000,58.000000,65.000000
292.000000,13.000000,58.000000,65.000000
287.000000,17.000000,58.000000,65.000000
287.000000,17.000000,58.000000,65.000000
287.000000,18.000000,58.000000,65.000000
291.000000,20.000000,58.000000,65.000000
303.000000,15.000000,58.000000,65.000000
319.000000,20.000000,58.000000,65.000000
320.000000,15.000000,58.000000,65.000000
320.000000,16.000000,58.000000,65.000000
313.000000,19.000000,58.000000,65.000000
320.000000,15.000000,58.000000,65.000000
319.000000,17.000000,58.000000,65.000000
318.000000,20.000000,58.000000,65.000000
305.000000,48.000000,58.000000,65.000000
283.000000,69.000000,58.000000,65.000000
2
0
0
0
0
1
312.000000,123.000000,83.000000,106.000000
284.000000,151.000000,83.000000,106.000000
268.000000,126.000000,83.000000,106.000000
276.000000,155.000000,83.000000,106.000000
246.000000,155.000000,83.000000,106.000000
279.000000,165.000000,83.000000,106.000000
266.000000,152.000000,83.000000,106.000000
278.000000,124.000000,83.000000,106.000000
261.000000,104.000000,83.000000,106.000000
270.000000,83.000000,83.000000,106.000000
249.000000,76.000000,83.000000,106.000000
242.000000,52.000000,83.000000,106.000000
222.000000,35.000000,83.000000,106.000000
185.000000,33.000000,83.000000,106.000000
147.000000,27.000000,83.000000,106.000000
166.000000,47.000000,83.000000,106.000000
162.000000,42.000000,83.000000,106.000000
150.000000,37.000000,83.000000,106.000000
156.000000,69.000000,83.000000,106.000000
167.000000,100.000000,83.000000,106.000000
156.000000,74.000000,83.000000,106.000000
172.000000,51.000000,83.000000,106.000000
