1
339.000000,39.000000,40.000000,40.000000
331.000000,25.000000,40.000000,40.000000
333.000000,17.000000,40.000000,40.000000
330.000000,48.000000,40.000000,40.000000
343.000000,18.000000,40.000000,40.000000
343.000000,17.000000,40.000000,40.000000
324.000000,48.000000,40.000000,40.000000
351.000000,44.000000,40.000000,40.000000
364.000000,40.000000,40.000000,40.000000
355.000000,73.000000,40.000000,40.000000
356.000000,79.000000,40.000000,40.000000
366.000000,60.000000,40.000000,40.000000
355.000000,71.000000,40.000000,40.000000
347.000000,93.000000,40.000000,40.000000
2
0
0
0
0
1
316.000000,23.000000,40.000000,40.000000
290.000000,35.000000,40.000000,40.000000
279.000000,25.000000,40.000000,40.000000
308.000000,34.000000,40.000000,40.000000
332.000000,35.000000,40.000000,40.000000
335.000000,29.000000,40.000000,40.000000
334.000000,27.000000,40.000000,40.000000
337.000000,28.000000,40.000000,40.000000
340.000000,26.000000,40.000000,40.000000
343.000000,25.000000,40.000000,40.000000
358.000000,29.000000,40.000000,40.000000
369.000000,35.000000,40.000000,40.000000
368.000000,47.000000,40.000000,40.000000
387.000000,57.000000,40.000000,40.000000
376.000000,83.000000,40.000000,40.000000
386.000000,98.000000,40.000000,40.000000
395.000000,110.000000,40.000000,40.000000
381.000000,81.000000,40.000000,40.000000
2
0
0
0
0
1
352.000000,41.000000,71.000000,73.000000
335.000000,35.000000,71.000000,73.000000
324.000000,25.000000,71.000000,73.000000
296.000000,19.000000,71.000000,73.000000
287.000000,19.000000,71.000000,73.000000
277.000000,19.000000,71.000000,73.000000
269.000000,29.000000,71.000000,73.000000
279.000000,33.000000,71.000000,73.000000
274.000000,27.000000,71.000000,73.000000
298.000000,26.000000,71.000000,73.000000
292.000000,18.000000,71.000000,73.000000
285.000000,17.000000,71.000000,73.000000
291.000000,15.000000,71.000000,73.000000
279.000000,13.000000,71.000000,73.000000
282.000000,12.000000,71.000000,73.000000
278.000000,19.000000,71.000000,73.000000
284.000000,19.000000,71.000000,73.000000
299.000000,12.000000,71.000000,73.000000
317.000000,17.000000,71.000000,73.000000
313.000000,6.000000,71.000000,73.000000
314.000000,6.000000,71.000000,73.000000
303.000000,16.000000,71.000000,73.000000
315.000000,16.000000,71.000000,73.000000
318.000000,6.000000,71.000000,73.000000
308.000000,14.000000,71.000000,73.000000
304.000000,51.000000,71.000000,73.000000
2
0
0
0
0
1
312.000000,70.000000,82.000000,101.000000
318.000000,100.000000,82.000000,101.000000
329.000000,127.000000,82.000000,101.000000
298.000000,108.000000,82.000000,101.000000
287.000000,78.000000,82.000000,101.000000
324.000000,85.000000,82.000000,101.000000
317.000000,114.000000,82.000000,101.000000
295.000000,129.000000,82.000000,101.000000
277.000000,118.000000,82.000000,101.000000
261.000000,100.000000,82.000000,101.000000
239.000000,75.000000,82.000000,101.000000
224.000000,53.000000,82.000000,101.000000
220.000000,29.000000,82.000000,101.000000
210.000000,14.000000,82.000000,101.000000
177.000000,24.000000,82.000000,101.000000
157.000000,28.000000,82.000000,101.000000
155.000000,33.000000,82.000000,101.000000
147.000000,21.000000,82.000000,101.000000
149.000000,33.000000,82.000000,101.000000
151.000000,29.000000,82.000000,101.000000
165.000000,32.000000,82.000000,101.000000
179.000000,36.000000,82.000000,101.000000
187.000000,15.000000,82.000000,101.000000
