1
340.000000,38.000000,40.000000,40.000000
334.000000,23.000000,40.000000,40.000000
335.000000,17.000000,40.000000,40.000000
327.000000,44.000000,40.000000,40.000000
341.000000,20.000000,40.000000,40.000000
342.000000,19.000000,40.000000,40.000000
336.000000,43.000000,40.000000,40.000000
358.000000,33.000000,40.000000,40.000000
362.000000,41.000000,40.000000,40.000000
359.000000,64.000000,40.000000,40.000000
362.000000,85.000000,40.000000,40.000000
367.000000,58.000000,40.000000,40.000000
355.000000,70.000000,40.000000,40.000000
341.000000,95.000000,40.000000,40.000000
315.000000,83.000000,40.000000,40.000000
332.000000,55.000000,40.000000,40.000000
337.000000,50.000000,40.000000,40.000000
337.000000,35.000000,40.000000,40.000000
318.000000,26.000000,40.000000,40.000000
315.000000,50.000000,40.000000,40.000000
295.000000,55.000000,40.000000,40.000000
2
0
0
0
0
1
329.000000,18.000000,58.000000,65.000000
330.000000,17.000000,58.000000,65.000000
333.000000,16.000000,58.000000,65.000000
347.000000,15.000000,58.000000,65.000000
360.000000,11.000000,58.000000,65.000000
365.000000,40.000000,58.000000,65.000000
357.000000,70.000000,58.000000,65.000000
367.000000,85.000000,58.000000,65.000000
388.000000,89.000000,58.000000,65.000000
398.000000,96.000000,58.000000,65.000000
383.000000,97.000000,58.000000,65.000000
356.000000,113.000000,58.000000,65.000000
370.000000,119.000000,58.000000,65.000000
378.000000,124.000000,58.000000,65.000000
384.000000,102.000000,58.000000,65.000000
383.000000,91.000000,58.000000,65.000000
367.000000,69.000000,58.000000,65.000000
343.000000,49.000000,58.000000,65.000000
353.000000,42.000000,58.000000,65.000000
334.000000,22.000000,58.000000,65.000000
306.000000,19.000000,58.000000,65.000000
271.000000,32.000000,58.000000,65.000000
285.000000,21.000000,58.000000,65.000000
270.000000,34.000000,58.000000,65.000000
291.000000,28.000000,58.000000,65.000000
291.000000,27.000000,58.000000,65.000000
298.000000,27.000000,58.000000,65.000000
290.000000,20.000000,58.000000,65.000000
297.000000,21.000000,58.000000,65.000000
292.000000,15.000000,58.000000,65.000000
287.000000,17.000000,58.000000,65.000000
288.000000,16.000000,58.000000,65.000000
287.000000,17.000000,58.000000,65.000000
293.000000,21.000000,58.000000,65.000000
303.000000,15.000000,58.000000,65.000000
323.000000,19.000000,58.000000,65.000000
320.000000,15.000000,58.000000,65.000000
322.000000,17.000000,58.000000,65.000000
308.000000,22.000000,58.000000,65.000000
319.000000,16.000000,58.000000,65.000000
319.000000,18.000000,58.000000,65.000000
319.000000,20.000000,58.000000,65.000000
302.000000,48.000000,58.000000,65.000000
2
0
0
0
0
1
296.000000,74.000000,82.000000,101.000000
325.000000,91.000000,82.000000,101.000000
323.000000,122.000000,82.000000,101.000000
344.000000,144.000000,82.000000,101.000000
315.000000,158.000000,82.000000,101.000000
286.000000,171.000000,82.000000,101.000000
316.000000,161.000000,82.000000,101.000000
291.000000,146.000000,82.000000,101.000000
276.000000,116.000000,82.000000,101.000000
256.000000,90.000000,82.000000,101.000000
233.000000,75.000000,82.000000,101.000000
226.000000,50.000000,82.000000,101.000000
219.000000,32.000000,82.000000,101.000000
209.000000,13.000000,82.000000,101.000000
185.000000,26.000000,82.000000,101.000000
159.000000,30.000000,82.000000,101.000000
152.000000,26.000000,82.000000,101.000000
147.000000,21.000000,82.000000,101.000000
150.000000,34.000000,82.000000,101.000000
152.000000,29.000000,82.000000,101.000000
166.000000,32.000000,82.000000,101.000000
184.000000,35.000000,82.000000,101.000000
187.000000,20.000000,82.000000,101.000000
