1
341.000000,39.000000,40.000000,40.000000
332.000000,23.000000,40.000000,40.000000
334.000000,16.000000,40.000000,40.000000
325.000000,40.000000,40.000000,40.000000
342.000000,17.000000,40.000000,40.000000
340.000000,18.000000,40.000000,40.000000
330.000000,46.000000,40.000000,40.000000
351.000000,36.000000,40.000000,40.000000
362.000000,41.000000,40.000000,40.000000
363.000000,68.000000,40.000000,40.000000
353.000000,77.000000,40.000000,40.000000
365.000000,56.000000,40.000000,40.000000
354.000000,74.000000,40.000000,40.000000
2
0
0
0
0
1
319.000000,24.000000,42.000000,35.000000
307.000000,48.000000,42.000000,35.000000
2
0
0
0
0
1
329.000000,16.000000,58.000000,65.000000
331.000000,17.000000,58.000000,65.000000
333.000000,16.000000,58.000000,65.000000
346.000000,14.000000,58.000000,65.000000
359.000000,13.000000,58.000000,65.000000
364.000000,36.000000,58.000000,65.000000
346.000000,65.000000,58.000000,65.000000
363.000000,84.000000,58.000000,65.000000
385.000000,91.000000,58.000000,65.000000
400.000000,98.000000,58.000000,65.000000
382.000000,95.000000,58.000000,65.000000
358.000000,108.000000,58.000000,65.000000
366.000000,114.000000,58.000000,65.000000
369.000000,125.000000,58.000000,65.000000
385.000000,103.000000,58.000000,65.000000
384.000000,91.000000,58.000000,65.000000
365.000000,68.000000,58.000000,65.000000
347.000000,46.000000,58.000000,65.000000
348.000000,39.000000,58.000000,65.000000
330.000000,24.000000,58.000000,65.000000
304.000000,23.000000,58.000000,65.000000
288.000000,20.000000,58.000000,65.000000
288.000000,20.000000,58.000000,65.000000
267.000000,34.000000,58.000000,65.000000
291.000000,28.000000,58.000000,65.000000
290.000000,28.000000,58.000000,65.000000
301.000000,26.000000,58.000000,65.000000
294.000000,19.000000,58.000000,65.000000
298.000000,17.000000,58.000000,65.000000
292.000000,14.000000,58.000000,65.000000
287.000000,17.000000,58.000000,65.000000
288.000000,17.000000,58.000000,65.000000
287.000000,18.000000,58.000000,65.000000
292.000000,22.000000,58.000000,65.000000
301.000000,16.000000,58.000000,65.000000
318.000000,18.000000,58.000000,65.000000
318.000000,15.000000,58.000000,65.000000
321.000000,16.000000,58.000000,65.000000
310.000000,21.000000,58.000000,65.000000
321.000000,14.000000,58.000000,65.000000
318.000000,17.000000,58.000000,65.000000
317.000000,21.000000,58.000000,65.000000
311.000000,50.000000,58.000000,65.000000
290.000000,64.000000,58.000000,65.000000
2
0
0
0
0
1
315.000000,129.000000,83.000000,106.000000
302.000000,158.000000,83.000000,106.000000
325.000000,194.000000,83.000000,106.000000
290.000000,189.000000,83.000000,106.000000
308.000000,176.000000,83.000000,106.000000
319.000000,174.000000,83.000000,106.000000
285.000000,162.000000,83.000000,106.000000
284.000000,134.000000,83.000000,106.000000
266.000000,111.000000,83.000000,106.000000
264.000000,94.000000,83.000000,106.000000
244.000000,79.000000,83.000000,106.000000
222.000000,53.000000,83.000000,106.000000
221.000000,26.000000,83.000000,106.000000
188.000000,38.000000,83.000000,106.000000
155.000000,35.000000,83.000000,106.000000
174.000000,50.000000,83.000000,106.000000
165.000000,45.000000,83.000000,106.000000
157.000000,28.000000,83.000000,106.000000
163.000000,53.000000,83.000000,106.000000
172.000000,83.000000,83.000000,106.000000
177.000000,64.000000,83.000000,106.000000
166.000000,45.000000,83.000000,106.000000
