1
339.000000,38.000000,40.000000,40.000000
333.000000,24.000000,40.000000,40.000000
334.000000,17.000000,40.000000,40.000000
321.000000,54.000000,40.000000,40.000000
335.000000,31.000000,40.000000,40.000000
342.000000,18.000000,40.000000,40.000000
330.000000,43.000000,40.000000,40.000000
355.000000,35.000000,40.000000,40.000000
363.000000,39.000000,40.000000,40.000000
368.000000,70.000000,40.000000,40.000000
355.000000,76.000000,40.000000,40.000000
363.000000,61.000000,40.000000,40.000000
357.000000,71.000000,40.000000,40.000000
341.000000,90.000000,40.000000,40.000000
2
0
0
0
0
1
315.000000,24.000000,40.000000,40.000000
292.000000,37.000000,40.000000,40.000000
282.000000,27.000000,40.000000,40.000000
317.000000,24.000000,40.000000,40.000000
335.000000,30.000000,40.000000,40.000000
335.000000,30.000000,40.000000,40.000000
333.000000,24.000000,40.000000,40.000000
337.000000,27.000000,40.000000,40.000000
340.000000,26.000000,40.000000,40.000000
344.000000,25.000000,40.000000,40.000000
357.000000,28.000000,40.000000,40.000000
367.000000,32.000000,40.000000,40.000000
367.000000,46.000000,40.000000,40.000000
385.000000,56.000000,40.000000,40.000000
388.000000,83.000000,40.000000,40.000000
388.000000,97.000000,40.000000,40.000000
398.000000,108.000000,40.000000,40.000000
373.000000,89.000000,40.000000,40.000000
363.000000,104.000000,40.000000,40.000000
384.000000,115.000000,40.000000,40.000000
394.000000,126.000000,40.000000,40.000000
400.000000,120.000000,40.000000,40.000000
397.000000,130.000000,40.000000,40.000000
2
0
0
0
0
1
283.000000,7.000000,62.000000,75.000000
278.000000,12.000000,62.000000,75.000000
288.000000,20.000000,62.000000,75.000000
289.000000,12.000000,62.000000,75.000000
300.000000,20.000000,62.000000,75.000000
297.000000,3.000000,62.000000,75.000000
297.000000,10.000000,62.000000,75.000000
294.000000,6.000000,62.000000,75.000000
287.000000,3.000000,62.000000,75.000000
283.000000,3.000000,62.000000,75.000000
281.000000,3.000000,62.000000,75.000000
287.000000,6.000000,62.000000,75.000000
300.000000,0.000000,62.000000,75.000000
313.000000,-7.000000,62.000000,75.000000
314.000000,-10.000000,62.000000,75.000000
315.000000,1.000000,62.000000,75.000000
311.000000,1.000000,62.000000,75.000000
320.000000,2.000000,62.000000,75.000000
319.000000,-3.000000,62.000000,75.000000
313.000000,2.000000,62.000000,75.000000
319.000000,3.000000,62.000000,75.000000
327.000000,5.000000,62.000000,75.000000
313.000000,1.000000,62.000000,75.000000
301.000000,1.000000,62.000000,75.000000
291.000000,3.000000,62.000000,75.000000
281.000000,22.000000,62.000000,75.000000
282.000000,45.000000,62.000000,75.000000
311.000000,31.000000,62.000000,75.000000
2
0
0
0
0
1
273.000000,139.000000,100.000000,109.000000
259.000000,120.000000,100.000000,109.000000
230.000000,101.000000,100.000000,109.000000
221.000000,74.000000,100.000000,109.000000
214.000000,54.000000,100.000000,109.000000
203.000000,34.000000,100.000000,109.000000
194.000000,7.000000,100.000000,109.000000
167.000000,22.000000,100.000000,109.000000
163.000000,18.000000,100.000000,109.000000
152.000000,13.000000,100.000000,109.000000
134.000000,16.000000,100.000000,109.000000
147.000000,35.000000,100.000000,109.000000
140.000000,32.000000,100.000000,109.000000
154.000000,26.000000,100.000000,109.000000
161.000000,25.000000,100.000000,109.000000
166.000000,15.000000,100.000000,109.000000
