1
342.000000,39.000000,40.000000,40.000000
334.000000,25.000000,40.000000,40.000000
333.000000,19.000000,40.000000,40.000000
324.000000,48.000000,40.000000,40.000000
337.000000,18.000000,40.000000,40.000000
340.000000,19.000000,40.000000,40.000000
331.000000,46.000000,40.000000,40.000000
352.000000,35.000000,40.000000,40.000000
363.000000,41.000000,40.000000,40.000000
360.000000,69.000000,40.000000,40.000000
367.000000,92.000000,40.000000,40.000000
364.000000,67.000000,40.000000,40.000000
356.000000,73.000000,40.000000,40.000000
343.000000,95.000000,40.000000,40.000000
307.000000,88.000000,40.000000,40.000000
335.000000,81.000000,40.000000,40.000000
339.000000,54.000000,40.000000,40.000000
2
0
0
0
0
1
316.000000,18.000000,53.000000,63.000000
314.000000,21.000000,53.000000,63.000000
328.000000,24.000000,53.000000,63.000000
327.000000,25.000000,53.000000,63.000000
331.000000,17.000000,53.000000,63.000000
338.000000,16.000000,53.000000,63.000000
336.000000,13.000000,53.000000,63.000000
340.000000,14.000000,53.000000,63.000000
358.000000,17.000000,53.000000,63.000000
365.000000,34.000000,53.000000,63.000000
360.000000,62.000000,53.000000,63.000000
377.000000,83.000000,53.000000,63.000000
383.000000,96.000000,53.000000,63.000000
408.000000,105.000000,53.000000,63.000000
384.000000,86.000000,53.000000,63.000000
407.000000,63.000000,53.000000,63.000000
400.000000,90.000000,53.000000,63.000000
396.000000,122.000000,53.000000,63.000000
385.000000,100.000000,53.000000,63.000000
375.000000,88.000000,53.000000,63.000000
363.000000,56.000000,53.000000,63.000000
346.000000,39.000000,53.000000,63.000000
344.000000,21.000000,53.000000,63.000000
328.000000,23.000000,53.000000,63.000000
299.000000,18.000000,53.000000,63.000000
295.000000,14.000000,53.000000,63.000000
266.000000,25.000000,53.000000,63.000000
274.000000,38.000000,53.000000,63.000000
271.000000,38.000000,53.000000,63.000000
284.000000,28.000000,53.000000,63.000000
261.000000,47.000000,53.000000,63.000000
248.000000,62.000000,53.000000,63.000000
250.000000,55.000000,53.000000,63.000000
266.000000,74.000000,53.000000,63.000000
275.000000,47.000000,53.000000,63.000000
279.000000,26.000000,53.000000,63.000000
292.000000,17.000000,53.000000,63.000000
294.000000,22.000000,53.000000,63.000000
308.000000,14.000000,53.000000,63.000000
312.000000,15.000000,53.000000,63.000000
318.000000,16.000000,53.000000,63.000000
327.000000,19.000000,53.000000,63.000000
325.000000,17.000000,53.000000,63.000000
324.000000,16.000000,53.000000,63.000000
321.000000,14.000000,53.000000,63.000000
324.000000,12.000000,53.000000,63.000000
320.000000,41.000000,53.000000,63.000000
297.000000,61.000000,53.000000,63.000000
2
0
0
0
0
1
311.000000,116.000000,83.000000,106.000000
300.000000,152.000000,83.000000,106.000000
331.000000,155.000000,83.000000,106.000000
306.000000,170.000000,83.000000,106.000000
316.000000,160.000000,83.000000,106.000000
320.000000,179.000000,83.000000,106.000000
304.000000,158.000000,83.000000,106.000000
299.000000,116.000000,83.000000,106.000000
273.000000,107.000000,83.000000,106.000000
261.000000,91.000000,83.000000,106.000000
246.000000,74.000000,83.000000,106.000000
227.000000,44.000000,83.000000,106.000000
221.000000,27.000000,83.000000,106.000000
192.000000,38.000000,83.000000,106.000000
162.000000,30.000000,83.000000,106.000000
167.000000,37.000000,83.000000,106.000000
166.000000,47.000000,83.000000,106.000000
154.000000,30.000000,83.000000,106.000000
164.000000,62.000000,83.000000,106.000000
161.000000,98.000000,83.000000,106.000000
152.000000,72.000000,83.000000,106.000000
176.000000,51.000000,83.000000,106.000000
