1
340.000000,39.000000,40.000000,40.000000
333.000000,26.000000,40.000000,40.000000
333.000000,17.000000,40.000000,40.000000
328.000000,41.000000,40.000000,40.000000
340.000000,20.000000,40.000000,40.000000
344.000000,18.000000,40.000000,40.000000
328.000000,42.000000,40.000000,40.000000
353.000000,35.000000,40.000000,40.000000
364.000000,39.000000,40.000000,40.000000
365.000000,62.000000,40.000000,40.000000
359.000000,80.000000,40.000000,40.000000
363.000000,58.000000,40.000000,40.000000
358.000000,67.000000,40.000000,40.000000
343.000000,91.000000,40.000000,40.000000
315.000000,85.000000,40.000000,40.000000
328.000000,59.000000,40.000000,40.000000
335.000000,44.000000,40.000000,40.000000
334.000000,35.000000,40.000000,40.000000
321.000000,26.000000,40.000000,40.000000
313.000000,47.000000,40.000000,40.000000
300.000000,52.000000,40.000000,40.000000
2
0
0
0
0
1
330.000000,17.000000,58.000000,65.000000
331.000000,18.000000,58.000000,65.000000
334.000000,15.000000,58.000000,65.000000
349.000000,14.000000,58.000000,65.000000
358.000000,11.000000,58.000000,65.000000
367.000000,35.000000,58.000000,65.000000
359.000000,59.000000,58.000000,65.000000
367.000000,85.000000,58.000000,65.000000
389.000000,86.000000,58.000000,65.000000
400.000000,99.000000,58.000000,65.000000
386.000000,96.000000,58.000000,65.000000
364.000000,117.000000,58.000000,65.000000
371.000000,125.000000,58.000000,65.000000
374.000000,124.000000,58.000000,65.000000
382.000000,100.000000,58.000000,65.000000
384.000000,92.000000,58.000000,65.000000
368.000000,67.000000,58.000000,65.000000
356.000000,39.000000,58.000000,65.000000
351.000000,39.000000,58.000000,65.000000
333.000000,21.000000,58.000000,65.000000
298.000000,16.000000,58.000000,65.000000
284.000000,21.000000,58.000000,65.000000
284.000000,21.000000,58.000000,65.000000
267.000000,33.000000,58.000000,65.000000
289.000000,25.000000,58.000000,65.000000
291.000000,28.000000,58.000000,65.000000
301.000000,26.000000,58.000000,65.000000
297.000000,19.000000,58.000000,65.000000
300.000000,18.000000,58.000000,65.000000
292.000000,14.000000,58.000000,65.000000
288.000000,17.000000,58.000000,65.000000
288.000000,17.000000,58.000000,65.000000
288.000000,17.000000,58.000000,65.000000
292.000000,18.000000,58.000000,65.000000
303.000000,15.000000,58.000000,65.000000
319.000000,18.000000,58.000000,65.000000
320.000000,14.000000,58.000000,65.000000
321.000000,16.000000,58.000000,65.000000
315.000000,19.000000,58.000000,65.000000
320.000000,15.000000,58.000000,65.000000
319.000000,17.000000,58.000000,65.000000
318.000000,20.000000,58.000000,65.000000
315.000000,50.000000,58.000000,65.000000
294.000000,62.000000,58.000000,65.000000
2
0
0
0
0
1
311.000000,116.000000,83.000000,106.000000
300.000000,152.000000,83.000000,106.000000
331.000000,155.000000,83.000000,106.000000
306.000000,170.000000,83.000000,106.000000
316.000000,160.000000,83.000000,106.000000
320.000000,179.000000,83.000000,106.000000
304.000000,158.000000,83.000000,106.000000
299.000000,116.000000,83.000000,106.000000
273.000000,107.000000,83.000000,106.000000
261.000000,91.000000,83.000000,106.000000
246.000000,74.000000,83.000000,106.000000
227.000000,44.000000,83.000000,106.000000
221.000000,27.000000,83.000000,106.000000
192.000000,38.000000,83.000000,106.000000
162.000000,30.000000,83.000000,106.000000
167.000000,37.000000,83.000000,106.000000
166.000000,47.000000,83.000000,106.000000
154.000000,30.000000,83.000000,106.000000
164.000000,62.000000,83.000000,106.000000
161.000000,98.000000,83.000000,106.000000
152.000000,72.000000,83.000000,106.000000
176.000000,51.000000,83.000000,106.000000
