1
340.000000,39.000000,40.000000,40.000000
333.000000,25.000000,40.000000,40.000000
333.000000,17.000000,40.000000,40.000000
327.000000,44.000000,40.000000,40.000000
338.000000,18.000000,40.000000,40.000000
343.000000,18.000000,40.000000,40.000000
330.000000,53.000000,40.000000,40.000000
349.000000,38.000000,40.000000,40.000000
362.000000,43.000000,40.000000,40.000000
360.000000,69.000000,40.000000,40.000000
368.000000,85.000000,40.000000,40.000000
366.000000,60.000000,40.000000,40.000000
356.000000,69.000000,40.000000,40.000000
342.000000,92.000000,40.000000,40.000000
2
0
0
0
0
1
315.000000,24.000000,40.000000,40.000000
287.000000,37.000000,40.000000,40.000000
281.000000,27.000000,40.000000,40.000000
311.000000,29.000000,40.000000,40.000000
334.000000,30.000000,40.000000,40.000000
335.000000,29.000000,40.000000,40.000000
334.000000,27.000000,40.000000,40.000000
337.000000,26.000000,40.000000,40.000000
341.000000,26.000000,40.000000,40.000000
343.000000,24.000000,40.000000,40.000000
357.000000,27.000000,40.000000,40.000000
368.000000,34.000000,40.000000,40.000000
369.000000,46.000000,40.000000,40.000000
383.000000,57.000000,40.000000,40.000000
376.000000,90.000000,40.000000,40.000000
391.000000,97.000000,40.000000,40.000000
398.000000,109.000000,40.000000,40.000000
376.000000,81.000000,40.000000,40.000000
2
0
0
0
0
1
349.000000,44.000000,71.000000,73.000000
335.000000,34.000000,71.000000,73.000000
325.000000,25.000000,71.000000,73.000000
302.000000,15.000000,71.000000,73.000000
285.000000,14.000000,71.000000,73.000000
278.000000,19.000000,71.000000,73.000000
267.000000,29.000000,71.000000,73.000000
278.000000,31.000000,71.000000,73.000000
276.000000,24.000000,71.000000,73.000000
298.000000,26.000000,71.000000,73.000000
292.000000,20.000000,71.000000,73.000000
284.000000,17.000000,71.000000,73.000000
292.000000,17.000000,71.000000,73.000000
278.000000,11.000000,71.000000,73.000000
281.000000,13.000000,71.000000,73.000000
275.000000,19.000000,71.000000,73.000000
284.000000,17.000000,71.000000,73.000000
301.000000,14.000000,71.000000,73.000000
316.000000,13.000000,71.000000,73.000000
313.000000,6.000000,71.000000,73.000000
312.000000,8.000000,71.000000,73.000000
301.000000,16.000000,71.000000,73.000000
313.000000,17.000000,71.000000,73.000000
318.000000,11.000000,71.000000,73.000000
306.000000,18.000000,71.000000,73.000000
279.000000,36.000000,71.000000,73.000000
309.000000,45.000000,71.000000,73.000000
318.000000,17.000000,71.000000,73.000000
303.000000,6.000000,71.000000,73.000000
288.000000,17.000000,71.000000,73.000000
277.000000,33.000000,71.000000,73.000000
278.000000,58.000000,71.000000,73.000000
302.000000,75.000000,71.000000,73.000000
318.000000,96.000000,71.000000,73.000000
325.000000,139.000000,71.000000,73.000000
295.000000,158.000000,71.000000,73.000000
275.000000,179.000000,71.000000,73.000000
275.000000,177.000000,71.000000,73.000000
301.000000,168.000000,71.000000,73.000000
288.000000,156.000000,71.000000,73.000000
275.000000,134.000000,71.000000,73.000000
264.000000,105.000000,71.000000,73.000000
244.000000,88.000000,71.000000,73.000000
240.000000,62.000000,71.000000,73.000000
230.000000,40.000000,71.000000,73.000000
218.000000,30.000000,71.000000,73.000000
211.000000,72.000000,71.000000,73.000000
209.000000,72.000000,71.000000,73.000000
181.000000,70.000000,71.000000,73.000000
169.000000,45.000000,71.000000,73.000000
156.000000,47.000000,71.000000,73.000000
152.000000,41.000000,71.000000,73.000000
179.000000,47.000000,71.000000,73.000000
185.000000,43.000000,71.000000,73.000000
187.000000,34.000000,71.000000,73.000000
