1
338.000000,37.000000,40.000000,40.000000
333.000000,27.000000,40.000000,40.000000
333.000000,17.000000,40.000000,40.000000
328.000000,47.000000,40.000000,40.000000
343.000000,20.000000,40.000000,40.000000
344.000000,17.000000,40.000000,40.000000
332.000000,46.000000,40.000000,40.000000
362.000000,35.000000,40.000000,40.000000
364.000000,39.000000,40.000000,40.000000
366.000000,67.000000,40.000000,40.000000
361.000000,81.000000,40.000000,40.000000
365.000000,57.000000,40.000000,40.000000
356.000000,71.000000,40.000000,40.000000
342.000000,95.000000,40.000000,40.000000
2
0
0
0
0
1
315.000000,24.000000,40.000000,40.000000
290.000000,24.000000,40.000000,40.000000
279.000000,26.000000,40.000000,40.000000
311.000000,34.000000,40.000000,40.000000
333.000000,33.000000,40.000000,40.000000
335.000000,30.000000,40.000000,40.000000
334.000000,26.000000,40.000000,40.000000
337.000000,27.000000,40.000000,40.000000
339.000000,25.000000,40.000000,40.000000
344.000000,24.000000,40.000000,40.000000
363.000000,28.000000,40.000000,40.000000
369.000000,34.000000,40.000000,40.000000
368.000000,46.000000,40.000000,40.000000
385.000000,58.000000,40.000000,40.000000
378.000000,84.000000,40.000000,40.000000
388.000000,98.000000,40.000000,40.000000
398.000000,110.000000,40.000000,40.000000
377.000000,86.000000,40.000000,40.000000
2
0
0
0
0
1
348.000000,43.000000,71.000000,73.000000
335.000000,35.000000,71.000000,73.000000
325.000000,24.000000,71.000000,73.000000
299.000000,21.000000,71.000000,73.000000
283.000000,15.000000,71.000000,73.000000
278.000000,20.000000,71.000000,73.000000
268.000000,31.000000,71.000000,73.000000
276.000000,34.000000,71.000000,73.000000
275.000000,26.000000,71.000000,73.000000
299.000000,23.000000,71.000000,73.000000
294.000000,20.000000,71.000000,73.000000
277.000000,19.000000,71.000000,73.000000
291.000000,15.000000,71.000000,73.000000
278.000000,12.000000,71.000000,73.000000
278.000000,11.000000,71.000000,73.000000
279.000000,21.000000,71.000000,73.000000
286.000000,17.000000,71.000000,73.000000
299.000000,14.000000,71.000000,73.000000
319.000000,16.000000,71.000000,73.000000
313.000000,8.000000,71.000000,73.000000
313.000000,6.000000,71.000000,73.000000
312.000000,13.000000,71.000000,73.000000
317.000000,16.000000,71.000000,73.000000
317.000000,14.000000,71.000000,73.000000
307.000000,16.000000,71.000000,73.000000
317.000000,51.000000,71.000000,73.000000
308.000000,53.000000,71.000000,73.000000
313.000000,23.000000,71.000000,73.000000
300.000000,11.000000,71.000000,73.000000
285.000000,17.000000,71.000000,73.000000
277.000000,31.000000,71.000000,73.000000
279.000000,58.000000,71.000000,73.000000
296.000000,85.000000,71.000000,73.000000
325.000000,107.000000,71.000000,73.000000
338.000000,131.000000,71.000000,73.000000
375.000000,129.000000,71.000000,73.000000
352.000000,143.000000,71.000000,73.000000
318.000000,127.000000,71.000000,73.000000
306.000000,159.000000,71.000000,73.000000
287.000000,155.000000,71.000000,73.000000
270.000000,130.000000,71.000000,73.000000
262.000000,100.000000,71.000000,73.000000
237.000000,86.000000,71.000000,73.000000
234.000000,54.000000,71.000000,73.000000
230.000000,32.000000,71.000000,73.000000
218.000000,28.000000,71.000000,73.000000
187.000000,25.000000,71.000000,73.000000
156.000000,31.000000,71.000000,73.000000
174.000000,40.000000,71.000000,73.000000
145.000000,31.000000,71.000000,73.000000
129.000000,14.000000,71.000000,73.000000
150.000000,38.000000,71.000000,73.000000
176.000000,48.000000,71.000000,73.000000
185.000000,44.000000,71.000000,73.000000
190.000000,39.000000,71.000000,73.000000
