1
339.000000,38.000000,40.000000,40.000000
332.000000,25.000000,40.000000,40.000000
332.000000,17.000000,40.000000,40.000000
327.000000,42.000000,40.000000,40.000000
342.000000,22.000000,40.000000,40.000000
339.000000,18.000000,40.000000,40.000000
329.000000,50.000000,40.000000,40.000000
356.000000,35.000000,40.000000,40.000000
363.000000,41.000000,40.000000,40.000000
361.000000,69.000000,40.000000,40.000000
368.000000,86.000000,40.000000,40.000000
362.000000,58.000000,40.000000,40.000000
355.000000,69.000000,40.000000,40.000000
338.000000,93.000000,40.000000,40.000000
309.000000,83.000000,40.000000,40.000000
2
0
0
0
0
1
320.000000,25.000000,41.000000,46.000000
301.000000,25.000000,41.000000,46.000000
326.000000,21.000000,41.000000,46.000000
341.000000,27.000000,41.000000,46.000000
341.000000,26.000000,41.000000,46.000000
334.000000,23.000000,41.000000,46.000000
346.000000,19.000000,41.000000,46.000000
342.000000,18.000000,41.000000,46.000000
347.000000,19.000000,41.000000,46.000000
362.000000,17.000000,41.000000,46.000000
364.000000,23.000000,41.000000,46.000000
374.000000,31.000000,41.000000,46.000000
379.000000,59.000000,41.000000,46.000000
379.000000,80.000000,41.000000,46.000000
378.000000,115.000000,41.000000,46.000000
369.000000,111.000000,41.000000,46.000000
384.000000,123.000000,41.000000,46.000000
372.000000,102.000000,41.000000,46.000000
394.000000,113.000000,41.000000,46.000000
396.000000,125.000000,41.000000,46.000000
398.000000,102.000000,41.000000,46.000000
389.000000,84.000000,41.000000,46.000000
376.000000,69.000000,41.000000,46.000000
368.000000,40.000000,41.000000,46.000000
354.000000,23.000000,41.000000,46.000000
336.000000,13.000000,41.000000,46.000000
316.000000,15.000000,41.000000,46.000000
308.000000,14.000000,41.000000,46.000000
303.000000,15.000000,41.000000,46.000000
299.000000,20.000000,41.000000,46.000000
306.000000,27.000000,41.000000,46.000000
311.000000,26.000000,41.000000,46.000000
315.000000,31.000000,41.000000,46.000000
314.000000,19.000000,41.000000,46.000000
308.000000,22.000000,41.000000,46.000000
307.000000,17.000000,41.000000,46.000000
303.000000,15.000000,41.000000,46.000000
299.000000,13.000000,41.000000,46.000000
296.000000,18.000000,41.000000,46.000000
300.000000,17.000000,41.000000,46.000000
313.000000,16.000000,41.000000,46.000000
326.000000,10.000000,41.000000,46.000000
333.000000,9.000000,41.000000,46.000000
329.000000,9.000000,41.000000,46.000000
325.000000,14.000000,41.000000,46.000000
332.000000,12.000000,41.000000,46.000000
333.000000,11.000000,41.000000,46.000000
330.000000,10.000000,41.000000,46.000000
332.000000,13.000000,41.000000,46.000000
339.000000,35.000000,41.000000,46.000000
331.000000,11.000000,41.000000,46.000000
331.000000,26.000000,41.000000,46.000000
306.000000,9.000000,41.000000,46.000000
303.000000,25.000000,41.000000,46.000000
293.000000,49.000000,41.000000,46.000000
310.000000,71.000000,41.000000,46.000000
332.000000,100.000000,41.000000,46.000000
346.000000,125.000000,41.000000,46.000000
2
0
0
0
0
1
248.000000,98.000000,82.000000,90.000000
234.000000,77.000000,82.000000,90.000000
222.000000,57.000000,82.000000,90.000000
215.000000,32.000000,82.000000,90.000000
204.000000,12.000000,82.000000,90.000000
176.000000,25.000000,82.000000,90.000000
150.000000,15.000000,82.000000,90.000000
152.000000,26.000000,82.000000,90.000000
141.000000,27.000000,82.000000,90.000000
123.000000,6.000000,82.000000,90.000000
143.000000,27.000000,82.000000,90.000000
161.000000,38.000000,82.000000,90.000000
174.000000,42.000000,82.000000,90.000000
177.000000,43.000000,82.000000,90.000000
