1
340.000000,40.000000,40.000000,40.000000
332.000000,24.000000,40.000000,40.000000
334.000000,16.000000,40.000000,40.000000
329.000000,40.000000,40.000000,40.000000
341.000000,17.000000,40.000000,40.000000
339.000000,19.000000,40.000000,40.000000
328.000000,49.000000,40.000000,40.000000
354.000000,37.000000,40.000000,40.000000
364.000000,43.000000,40.000000,40.000000
357.000000,66.000000,40.000000,40.000000
354.000000,79.000000,40.000000,40.000000
362.000000,57.000000,40.000000,40.000000
355.000000,73.000000,40.000000,40.000000
2
0
0
0
0
1
319.000000,24.000000,42.000000,35.000000
313.000000,49.000000,42.000000,35.000000
2
0
0
0
0
1
330.000000,17.000000,58.000000,65.000000
331.000000,17.000000,58.000000,65.000000
334.000000,17.000000,58.000000,65.000000
346.000000,15.000000,58.000000,65.000000
357.000000,17.000000,58.000000,65.000000
365.000000,38.000000,58.000000,65.000000
355.000000,65.000000,58.000000,65.000000
363.000000,88.000000,58.000000,65.000000
388.000000,93.000000,58.000000,65.000000
400.000000,96.000000,58.000000,65.000000
384.000000,95.000000,58.000000,65.000000
358.000000,108.000000,58.000000,65.000000
367.000000,114.000000,58.000000,65.000000
373.000000,123.000000,58.000000,65.000000
385.000000,104.000000,58.000000,65.000000
383.000000,93.000000,58.000000,65.000000
371.000000,63.000000,58.000000,65.000000
348.000000,39.000000,58.000000,65.000000
354.000000,41.000000,58.000000,65.000000
330.000000,27.000000,58.000000,65.000000
298.000000,19.000000,58.000000,65.000000
284.000000,21.000000,58.000000,65.000000
283.000000,21.000000,58.000000,65.000000
266.000000,36.000000,58.000000,65.000000
287.000000,32.000000,58.000000,65.000000
290.000000,28.000000,58.000000,65.000000
301.000000,26.000000,58.000000,65.000000
294.000000,20.000000,58.000000,65.000000
298.000000,18.000000,58.000000,65.000000
292.000000,15.000000,58.000000,65.000000
287.000000,19.000000,58.000000,65.000000
288.000000,16.000000,58.000000,65.000000
287.000000,18.000000,58.000000,65.000000
292.000000,22.000000,58.000000,65.000000
302.000000,15.000000,58.000000,65.000000
322.000000,20.000000,58.000000,65.000000
318.000000,15.000000,58.000000,65.000000
320.000000,17.000000,58.000000,65.000000
306.000000,23.000000,58.000000,65.000000
319.000000,13.000000,58.000000,65.000000
319.000000,19.000000,58.000000,65.000000
321.000000,21.000000,58.000000,65.000000
303.000000,51.000000,58.000000,65.000000
2
0
0
0
0
1
304.000000,70.000000,82.000000,101.000000
320.000000,91.000000,82.000000,101.000000
333.000000,119.000000,82.000000,101.000000
348.000000,143.000000,82.000000,101.000000
321.000000,153.000000,82.000000,101.000000
289.000000,167.000000,82.000000,101.000000
305.000000,158.000000,82.000000,101.000000
290.000000,141.000000,82.000000,101.000000
267.000000,118.000000,82.000000,101.000000
254.000000,87.000000,82.000000,101.000000
235.000000,71.000000,82.000000,101.000000
225.000000,49.000000,82.000000,101.000000
220.000000,32.000000,82.000000,101.000000
211.000000,14.000000,82.000000,101.000000
179.000000,28.000000,82.000000,101.000000
151.000000,24.000000,82.000000,101.000000
151.000000,25.000000,82.000000,101.000000
147.000000,20.000000,82.000000,101.000000
149.000000,33.000000,82.000000,101.000000
151.000000,31.000000,82.000000,101.000000
166.000000,30.000000,82.000000,101.000000
182.000000,33.000000,82.000000,101.000000
187.000000,21.000000,82.000000,101.000000
