1
341.000000,39.000000,40.000000,40.000000
335.000000,24.000000,40.000000,40.000000
335.000000,17.000000,40.000000,40.000000
325.000000,46.000000,40.000000,40.000000
343.000000,21.000000,40.000000,40.000000
343.000000,17.000000,40.000000,40.000000
333.000000,43.000000,40.000000,40.000000
357.000000,35.000000,40.000000,40.000000
363.000000,40.000000,40.000000,40.000000
363.000000,70.000000,40.000000,40.000000
354.000000,74.000000,40.000000,40.000000
365.000000,59.000000,40.000000,40.000000
355.000000,71.000000,40.000000,40.000000
345.000000,93.000000,40.000000,40.000000
2
0
0
0
0
1
316.000000,24.000000,40.000000,40.000000
292.000000,38.000000,40.000000,40.000000
283.000000,28.000000,40.000000,40.000000
314.000000,21.000000,40.000000,40.000000
332.000000,33.000000,40.000000,40.000000
335.000000,30.000000,40.000000,40.000000
333.000000,25.000000,40.000000,40.000000
337.000000,27.000000,40.000000,40.000000
339.000000,25.000000,40.000000,40.000000
342.000000,24.000000,40.000000,40.000000
359.000000,28.000000,40.000000,40.000000
368.000000,34.000000,40.000000,40.000000
368.000000,47.000000,40.000000,40.000000
386.000000,58.000000,40.000000,40.000000
373.000000,96.000000,40.000000,40.000000
387.000000,97.000000,40.000000,40.000000
395.000000,109.000000,40.000000,40.000000
383.000000,81.000000,40.000000,40.000000
2
0
0
0
0
1
352.000000,42.000000,71.000000,73.000000
335.000000,35.000000,71.000000,73.000000
323.000000,25.000000,71.000000,73.000000
293.000000,17.000000,71.000000,73.000000
285.000000,19.000000,71.000000,73.000000
278.000000,18.000000,71.000000,73.000000
268.000000,31.000000,71.000000,73.000000
276.000000,35.000000,71.000000,73.000000
278.000000,24.000000,71.000000,73.000000
297.000000,25.000000,71.000000,73.000000
293.000000,20.000000,71.000000,73.000000
285.000000,17.000000,71.000000,73.000000
292.000000,16.000000,71.000000,73.000000
277.000000,13.000000,71.000000,73.000000
279.000000,11.000000,71.000000,73.000000
276.000000,18.000000,71.000000,73.000000
284.000000,17.000000,71.000000,73.000000
301.000000,13.000000,71.000000,73.000000
318.000000,16.000000,71.000000,73.000000
313.000000,7.000000,71.000000,73.000000
313.000000,7.000000,71.000000,73.000000
303.000000,16.000000,71.000000,73.000000
313.000000,15.000000,71.000000,73.000000
318.000000,10.000000,71.000000,73.000000
307.000000,16.000000,71.000000,73.000000
303.000000,41.000000,71.000000,73.000000
308.000000,55.000000,71.000000,73.000000
2
0
0
0
0
1
311.000000,120.000000,83.000000,106.000000
296.000000,143.000000,83.000000,106.000000
320.000000,166.000000,83.000000,106.000000
290.000000,184.000000,83.000000,106.000000
313.000000,175.000000,83.000000,106.000000
320.000000,177.000000,83.000000,106.000000
295.000000,157.000000,83.000000,106.000000
281.000000,129.000000,83.000000,106.000000
262.000000,106.000000,83.000000,106.000000
260.000000,88.000000,83.000000,106.000000
239.000000,77.000000,83.000000,106.000000
218.000000,57.000000,83.000000,106.000000
219.000000,30.000000,83.000000,106.000000
193.000000,39.000000,83.000000,106.000000
165.000000,25.000000,83.000000,106.000000
169.000000,43.000000,83.000000,106.000000
162.000000,43.000000,83.000000,106.000000
156.000000,16.000000,83.000000,106.000000
162.000000,43.000000,83.000000,106.000000
167.000000,50.000000,83.000000,106.000000
155.000000,45.000000,83.000000,106.000000
166.000000,49.000000,83.000000,106.000000
