1
523.000000,55.000000,26.000000,26.000000
522.000000,62.000000,26.000000,26.000000
519.000000,80.000000,26.000000,26.000000
518.000000,88.000000,26.000000,26.000000
513.000000,102.000000,26.000000,26.000000
514.000000,113.000000,26.000000,26.000000
510.000000,126.000000,26.000000,26.000000
505.000000,139.000000,26.000000,26.000000
503.000000,147.000000,26.000000,26.000000
507.000000,146.000000,26.000000,26.000000
2
0
0
0
0
1
584.000000,222.000000,14.000000,13.000000
592.000000,235.000000,14.000000,13.000000
602.000000,242.000000,14.000000,13.000000
608.000000,256.000000,14.000000,13.000000
611.000000,263.000000,14.000000,13.000000
611.000000,267.000000,14.000000,13.000000
615.000000,265.000000,14.000000,13.000000
620.000000,264.000000,14.000000,13.000000
625.000000,266.000000,14.000000,13.000000
628.000000,265.000000,14.000000,13.000000
629.000000,266.000000,14.000000,13.000000
635.000000,271.000000,14.000000,13.000000
634.000000,273.000000,14.000000,13.000000
639.000000,269.000000,14.000000,13.000000
639.000000,268.000000,14.000000,13.000000
639.000000,266.000000,14.000000,13.000000
643.000000,265.000000,14.000000,13.000000
644.000000,266.000000,14.000000,13.000000
644.000000,271.000000,14.000000,13.000000
644.000000,272.000000,14.000000,13.000000
645.000000,276.000000,14.000000,13.000000
649.000000,273.000000,14.000000,13.000000
649.000000,275.000000,14.000000,13.000000
653.000000,275.000000,14.000000,13.000000
