1
523.000000,55.000000,26.000000,26.000000
521.000000,63.000000,26.000000,26.000000
521.000000,80.000000,26.000000,26.000000
518.000000,88.000000,26.000000,26.000000
515.000000,102.000000,26.000000,26.000000
514.000000,113.000000,26.000000,26.000000
512.000000,124.000000,26.000000,26.000000
507.000000,136.000000,26.000000,26.000000
505.000000,149.000000,26.000000,26.000000
511.000000,155.000000,26.000000,26.000000
525.000000,165.000000,26.000000,26.000000
530.000000,172.000000,26.000000,26.000000
2
0
0
0
0
1
604.000000,240.000000,11.000000,16.000000
611.000000,257.000000,11.000000,16.000000
614.000000,262.000000,11.000000,16.000000
614.000000,266.000000,11.000000,16.000000
617.000000,260.000000,11.000000,16.000000
621.000000,261.000000,11.000000,16.000000
627.000000,262.000000,11.000000,16.000000
628.000000,264.000000,11.000000,16.000000
631.000000,263.000000,11.000000,16.000000
636.000000,268.000000,11.000000,16.000000
636.000000,272.000000,11.000000,16.000000
641.000000,269.000000,11.000000,16.000000
643.000000,267.000000,11.000000,16.000000
641.000000,263.000000,11.000000,16.000000
646.000000,263.000000,11.000000,16.000000
646.000000,265.000000,11.000000,16.000000
647.000000,269.000000,11.000000,16.000000
646.000000,270.000000,11.000000,16.000000
647.000000,273.000000,11.000000,16.000000
652.000000,272.000000,11.000000,16.000000
652.000000,273.000000,11.000000,16.000000
655.000000,273.000000,11.000000,16.000000
