1
523.000000,55.000000,26.000000,26.000000
522.000000,62.000000,26.000000,26.000000
519.000000,80.000000,26.000000,26.000000
518.000000,88.000000,26.000000,26.000000
515.000000,103.000000,26.000000,26.000000
514.000000,113.000000,26.000000,26.000000
512.000000,121.000000,26.000000,26.000000
505.000000,135.000000,26.000000,26.000000
505.000000,152.000000,26.000000,26.000000
511.000000,160.000000,26.000000,26.000000
521.000000,165.000000,26.000000,26.000000
529.000000,173.000000,26.000000,26.000000
2
0
0
0
0
1
604.000000,241.000000,11.000000,16.000000
611.000000,255.000000,11.000000,16.000000
614.000000,261.000000,11.000000,16.000000
617.000000,264.000000,11.000000,16.000000
619.000000,261.000000,11.000000,16.000000
623.000000,259.000000,11.000000,16.000000
628.000000,259.000000,11.000000,16.000000
630.000000,259.000000,11.000000,16.000000
630.000000,261.000000,11.000000,16.000000
638.000000,265.000000,11.000000,16.000000
632.000000,267.000000,11.000000,16.000000
642.000000,266.000000,11.000000,16.000000
643.000000,265.000000,11.000000,16.000000
641.000000,260.000000,11.000000,16.000000
647.000000,262.000000,11.000000,16.000000
648.000000,263.000000,11.000000,16.000000
647.000000,267.000000,11.000000,16.000000
647.000000,269.000000,11.000000,16.000000
648.000000,272.000000,11.000000,16.000000
653.000000,271.000000,11.000000,16.000000
653.000000,273.000000,11.000000,16.000000
656.000000,273.000000,11.000000,16.000000
