1
524.000000,55.000000,26.000000,26.000000
522.000000,62.000000,26.000000,26.000000
519.000000,77.000000,26.000000,26.000000
517.000000,87.000000,26.000000,26.000000
517.000000,102.000000,26.000000,26.000000
514.000000,112.000000,26.000000,26.000000
511.000000,126.000000,26.000000,26.000000
506.000000,138.000000,26.000000,26.000000
505.000000,149.000000,26.000000,26.000000
513.000000,155.000000,26.000000,26.000000
528.000000,167.000000,26.000000,26.000000
532.000000,174.000000,26.000000,26.000000
543.000000,179.000000,26.000000,26.000000
560.000000,189.000000,26.000000,26.000000
567.000000,193.000000,26.000000,26.000000
576.000000,200.000000,26.000000,26.000000
578.000000,211.000000,26.000000,26.000000
589.000000,224.000000,26.000000,26.000000
601.000000,237.000000,26.000000,26.000000
609.000000,252.000000,26.000000,26.000000
613.000000,259.000000,26.000000,26.000000
607.000000,261.000000,27.000000,27.000000
611.000000,261.000000,27.000000,27.000000
2
0
0
0
0
1
639.000000,269.000000,15.000000,16.000000
640.000000,268.000000,15.000000,16.000000
639.000000,263.000000,15.000000,16.000000
641.000000,263.000000,15.000000,16.000000
643.000000,265.000000,15.000000,16.000000
643.000000,268.000000,15.000000,16.000000
644.000000,270.000000,15.000000,16.000000
644.000000,274.000000,15.000000,16.000000
648.000000,273.000000,15.000000,16.000000
650.000000,273.000000,15.000000,16.000000
652.000000,273.000000,15.000000,16.000000
