1
523.000000,55.000000,26.000000,26.000000
522.000000,62.000000,26.000000,26.000000
519.000000,78.000000,26.000000,26.000000
518.000000,87.000000,26.000000,26.000000
516.000000,101.000000,26.000000,26.000000
514.000000,112.000000,26.000000,26.000000
511.000000,125.000000,26.000000,26.000000
506.000000,140.000000,26.000000,26.000000
505.000000,149.000000,26.000000,26.000000
512.000000,154.000000,26.000000,26.000000
2
0
0
0
0
1
584.000000,223.000000,14.000000,13.000000
591.000000,234.000000,14.000000,13.000000
601.000000,243.000000,14.000000,13.000000
605.000000,256.000000,14.000000,13.000000
611.000000,262.000000,14.000000,13.000000
612.000000,268.000000,14.000000,13.000000
615.000000,264.000000,14.000000,13.000000
619.000000,262.000000,14.000000,13.000000
625.000000,262.000000,14.000000,13.000000
628.000000,265.000000,14.000000,13.000000
629.000000,265.000000,14.000000,13.000000
634.000000,270.000000,14.000000,13.000000
633.000000,273.000000,14.000000,13.000000
638.000000,271.000000,14.000000,13.000000
641.000000,269.000000,14.000000,13.000000
640.000000,266.000000,14.000000,13.000000
643.000000,265.000000,14.000000,13.000000
643.000000,266.000000,14.000000,13.000000
645.000000,271.000000,14.000000,13.000000
644.000000,271.000000,14.000000,13.000000
645.000000,276.000000,14.000000,13.000000
649.000000,275.000000,14.000000,13.000000
651.000000,276.000000,14.000000,13.000000
655.000000,276.000000,14.000000,13.000000
