1
523.000000,55.000000,26.000000,26.000000
522.000000,63.000000,26.000000,26.000000
519.000000,79.000000,26.000000,26.000000
518.000000,87.000000,26.000000,26.000000
514.000000,100.000000,26.000000,26.000000
516.000000,111.000000,26.000000,26.000000
513.000000,121.000000,26.000000,26.000000
506.000000,136.000000,26.000000,26.000000
506.000000,152.000000,26.000000,26.000000
515.000000,160.000000,26.000000,26.000000
527.000000,167.000000,26.000000,26.000000
537.000000,168.000000,26.000000,26.000000
551.000000,180.000000,26.000000,26.000000
560.000000,184.000000,26.000000,26.000000
565.000000,192.000000,26.000000,26.000000
575.000000,199.000000,26.000000,26.000000
584.000000,212.000000,26.000000,26.000000
593.000000,221.000000,26.000000,26.000000
599.000000,235.000000,26.000000,26.000000
2
0
0
0
0
1
623.000000,265.000000,16.000000,16.000000
625.000000,266.000000,16.000000,16.000000
631.000000,271.000000,16.000000,16.000000
631.000000,272.000000,16.000000,16.000000
636.000000,270.000000,16.000000,16.000000
638.000000,270.000000,16.000000,16.000000
638.000000,266.000000,16.000000,16.000000
642.000000,265.000000,16.000000,16.000000
642.000000,265.000000,16.000000,16.000000
644.000000,270.000000,16.000000,16.000000
643.000000,271.000000,16.000000,16.000000
642.000000,275.000000,16.000000,16.000000
649.000000,273.000000,16.000000,16.000000
650.000000,276.000000,16.000000,16.000000
654.000000,276.000000,16.000000,16.000000
