1
524.000000,54.000000,26.000000,26.000000
522.000000,62.000000,26.000000,26.000000
519.000000,79.000000,26.000000,26.000000
518.000000,88.000000,26.000000,26.000000
514.000000,101.000000,26.000000,26.000000
513.000000,110.000000,26.000000,26.000000
511.000000,121.000000,26.000000,26.000000
503.000000,136.000000,26.000000,26.000000
502.000000,147.000000,26.000000,26.000000
511.000000,155.000000,26.000000,26.000000
522.000000,165.000000,26.000000,26.000000
528.000000,173.000000,26.000000,26.000000
2
0
0
0
0
1
604.000000,241.000000,11.000000,16.000000
613.000000,254.000000,11.000000,16.000000
613.000000,262.000000,11.000000,16.000000
614.000000,264.000000,11.000000,16.000000
617.000000,261.000000,11.000000,16.000000
621.000000,261.000000,11.000000,16.000000
626.000000,262.000000,11.000000,16.000000
629.000000,262.000000,11.000000,16.000000
630.000000,264.000000,11.000000,16.000000
635.000000,268.000000,11.000000,16.000000
634.000000,271.000000,11.000000,16.000000
640.000000,269.000000,11.000000,16.000000
643.000000,267.000000,11.000000,16.000000
642.000000,264.000000,11.000000,16.000000
646.000000,263.000000,11.000000,16.000000
646.000000,264.000000,11.000000,16.000000
647.000000,268.000000,11.000000,16.000000
647.000000,270.000000,11.000000,16.000000
648.000000,274.000000,11.000000,16.000000
654.000000,273.000000,11.000000,16.000000
654.000000,274.000000,11.000000,16.000000
657.000000,273.000000,11.000000,16.000000
