1
524.000000,56.000000,26.000000,26.000000
522.000000,63.000000,26.000000,26.000000
520.000000,79.000000,26.000000,26.000000
518.000000,88.000000,26.000000,26.000000
512.000000,102.000000,26.000000,26.000000
512.000000,112.000000,26.000000,26.000000
511.000000,122.000000,26.000000,26.000000
503.000000,140.000000,26.000000,26.000000
503.000000,154.000000,26.000000,26.000000
512.000000,160.000000,26.000000,26.000000
523.000000,166.000000,26.000000,26.000000
528.000000,169.000000,26.000000,26.000000
2
0
0
0
0
1
604.000000,242.000000,11.000000,16.000000
612.000000,254.000000,11.000000,16.000000
614.000000,262.000000,11.000000,16.000000
614.000000,260.000000,11.000000,16.000000
618.000000,260.000000,11.000000,16.000000
620.000000,260.000000,11.000000,16.000000
626.000000,260.000000,11.000000,16.000000
627.000000,260.000000,11.000000,16.000000
630.000000,262.000000,11.000000,16.000000
635.000000,266.000000,11.000000,16.000000
632.000000,268.000000,11.000000,16.000000
639.000000,269.000000,11.000000,16.000000
642.000000,267.000000,11.000000,16.000000
641.000000,264.000000,11.000000,16.000000
647.000000,265.000000,11.000000,16.000000
646.000000,265.000000,11.000000,16.000000
646.000000,270.000000,11.000000,16.000000
646.000000,271.000000,11.000000,16.000000
647.000000,275.000000,11.000000,16.000000
651.000000,273.000000,11.000000,16.000000
653.000000,273.000000,11.000000,16.000000
655.000000,273.000000,11.000000,16.000000
