1
523.000000,55.000000,26.000000,26.000000
521.000000,63.000000,26.000000,26.000000
521.000000,79.000000,26.000000,26.000000
518.000000,87.000000,26.000000,26.000000
516.000000,102.000000,26.000000,26.000000
515.000000,113.000000,26.000000,26.000000
515.000000,123.000000,26.000000,26.000000
508.000000,137.000000,26.000000,26.000000
510.000000,154.000000,26.000000,26.000000
518.000000,160.000000,26.000000,26.000000
530.000000,168.000000,26.000000,26.000000
536.000000,171.000000,26.000000,26.000000
554.000000,187.000000,26.000000,26.000000
558.000000,189.000000,26.000000,26.000000
565.000000,192.000000,26.000000,26.000000
576.000000,201.000000,26.000000,26.000000
585.000000,213.000000,26.000000,26.000000
590.000000,223.000000,26.000000,26.000000
601.000000,238.000000,26.000000,26.000000
2
0
0
0
0
1
624.000000,265.000000,16.000000,16.000000
625.000000,266.000000,16.000000,16.000000
630.000000,271.000000,16.000000,16.000000
629.000000,273.000000,16.000000,16.000000
635.000000,271.000000,16.000000,16.000000
638.000000,270.000000,16.000000,16.000000
637.000000,266.000000,16.000000,16.000000
642.000000,266.000000,16.000000,16.000000
641.000000,267.000000,16.000000,16.000000
642.000000,272.000000,16.000000,16.000000
642.000000,273.000000,16.000000,16.000000
641.000000,277.000000,16.000000,16.000000
647.000000,276.000000,16.000000,16.000000
648.000000,276.000000,16.000000,16.000000
652.000000,275.000000,16.000000,16.000000
