1
523.000000,54.000000,26.000000,26.000000
523.000000,63.000000,26.000000,26.000000
519.000000,79.000000,26.000000,26.000000
518.000000,87.000000,26.000000,26.000000
515.000000,101.000000,26.000000,26.000000
513.000000,110.000000,26.000000,26.000000
513.000000,120.000000,26.000000,26.000000
507.000000,135.000000,26.000000,26.000000
505.000000,148.000000,26.000000,26.000000
511.000000,152.000000,26.000000,26.000000
523.000000,165.000000,26.000000,26.000000
2
0
0
0
0
1
592.000000,229.000000,21.000000,20.000000
598.000000,238.000000,21.000000,20.000000
605.000000,254.000000,21.000000,20.000000
609.000000,259.000000,21.000000,20.000000
606.000000,264.000000,21.000000,20.000000
611.000000,260.000000,21.000000,20.000000
615.000000,262.000000,21.000000,20.000000
622.000000,260.000000,21.000000,20.000000
626.000000,262.000000,21.000000,20.000000
627.000000,262.000000,21.000000,20.000000
629.000000,265.000000,21.000000,20.000000
630.000000,269.000000,21.000000,20.000000
636.000000,267.000000,21.000000,20.000000
636.000000,267.000000,21.000000,20.000000
637.000000,264.000000,21.000000,20.000000
641.000000,265.000000,21.000000,20.000000
640.000000,265.000000,21.000000,20.000000
641.000000,269.000000,21.000000,20.000000
638.000000,270.000000,21.000000,20.000000
641.000000,273.000000,21.000000,20.000000
647.000000,272.000000,21.000000,20.000000
646.000000,274.000000,21.000000,20.000000
649.000000,272.000000,22.000000,21.000000
