1
524.000000,55.000000,26.000000,26.000000
522.000000,63.000000,26.000000,26.000000
521.000000,79.000000,26.000000,26.000000
518.000000,87.000000,26.000000,26.000000
515.000000,101.000000,26.000000,26.000000
514.000000,112.000000,26.000000,26.000000
511.000000,121.000000,26.000000,26.000000
505.000000,135.000000,26.000000,26.000000
503.000000,146.000000,26.000000,26.000000
508.000000,147.000000,26.000000,26.000000
2
0
0
0
0
1
584.000000,223.000000,14.000000,13.000000
591.000000,234.000000,14.000000,13.000000
600.000000,242.000000,14.000000,13.000000
607.000000,257.000000,14.000000,13.000000
611.000000,263.000000,14.000000,13.000000
611.000000,268.000000,14.000000,13.000000
615.000000,264.000000,14.000000,13.000000
620.000000,264.000000,14.000000,13.000000
625.000000,265.000000,14.000000,13.000000
627.000000,266.000000,14.000000,13.000000
628.000000,266.000000,14.000000,13.000000
633.000000,270.000000,14.000000,13.000000
632.000000,273.000000,14.000000,13.000000
638.000000,270.000000,14.000000,13.000000
639.000000,270.000000,14.000000,13.000000
640.000000,267.000000,14.000000,13.000000
645.000000,267.000000,14.000000,13.000000
644.000000,268.000000,14.000000,13.000000
644.000000,273.000000,14.000000,13.000000
644.000000,274.000000,14.000000,13.000000
645.000000,278.000000,14.000000,13.000000
650.000000,276.000000,14.000000,13.000000
650.000000,277.000000,14.000000,13.000000
654.000000,276.000000,14.000000,13.000000
