2.0164,2.4513,1.837,1.551,2.5986,2.2874,2.4405,2.2987,2.1416,2.4252,2.4625,1.4191,1.5884,2.1486,2.6367
2.0164,2.4513,1.837,1.551,2.5986,2.2874,2.4405,2.2987,2.1416,2.4252,2.4625,1.4191,1.5884,2.1486,2.6367
2.0164,2.4513,1.837,1.551,2.5986,2.2874,2.4405,2.2987,2.1416,2.4252,2.4625,1.4191,1.5884,2.1486,2.6367
2.0164,2.4513,1.837,1.551,2.5986,2.2874,2.4405,2.2987,2.1416,2.4252,2.4625,1.4191,1.5884,2.1486,2.6367
2.0164,2.4513,1.837,1.551,2.5986,2.2874,2.4405,2.2987,2.1416,2.4252,2.4625,1.4191,1.5884,2.1486,2.6367
2.0164,2.4513,1.837,1.551,2.5986,2.2874,2.4405,2.2987,2.1416,2.4252,2.4625,1.4191,1.5884,2.1486,2.6367
2.0164,2.4513,1.837,1.551,2.5986,2.2874,2.4405,2.2987,2.1416,2.4252,2.4625,1.4191,1.5884,2.1486,2.6367
2.0164,2.4513,1.837,1.551,2.5986,2.2874,2.4405,2.2987,2.1416,2.4252,2.4625,1.4191,1.5884,2.1486,2.6367
2.0164,2.4513,1.837,1.551,2.5986,2.2874,2.4405,2.2987,2.1416,2.4252,2.4625,1.4191,1.5884,2.1486,2.6367
2.0164,2.4513,1.837,1.551,2.5986,2.2874,2.4405,2.2987,2.1416,2.4252,2.4625,1.4191,1.5884,2.1486,2.6367
2.0164,2.4513,1.837,1.551,2.5986,2.2874,2.4405,2.2987,2.1416,2.4252,2.4625,1.4191,1.5884,2.1486,2.6367
2.0164,2.4513,1.837,1.551,2.5986,2.2874,2.4405,2.2987,2.1416,2.4252,2.4625,1.4191,1.5884,2.1486,2.6367
2.0164,2.4513,1.837,1.551,2.5986,2.2874,2.4405,2.2987,2.1416,2.4252,2.4625,1.4191,1.5884,2.1486,2.6367
2.0164,2.4513,1.837,1.551,2.5986,2.2874,2.4405,2.2987,2.1416,2.4252,2.4625,1.4191,1.5884,2.1486,2.6367
2.0164,2.4513,1.837,1.551,2.5986,2.2874,2.4405,2.2987,2.1416,2.4252,2.4625,1.4191,1.5884,2.1486,2.6367
2.0164,2.4513,1.837,1.551,2.5986,2.2874,2.4405,2.2987,2.1416,2.4252,2.4625,1.4191,1.5884,2.1486,2.6367
2.0164,2.4513,1.837,1.551,2.5986,2.2874,2.4405,2.2987,2.1416,2.4252,2.4625,1.4191,1.5884,2.1486,2.6367
2.0164,2.4513,1.837,1.551,2.5986,2.2874,2.4405,2.2987,2.1416,2.4252,2.4625,1.4191,1.5884,2.1486,2.6367
2.0164,2.4513,1.837,1.551,2.5986,2.2874,2.4405,2.2987,2.1416,2.4252,2.4625,1.4191,1.5884,2.1486,2.6367
2.0164,2.4513,1.837,1.551,2.5986,2.2874,2.4405,2.2987,2.1416,2.4252,2.4625,1.4191,1.5884,2.1486,2.6367
2.0164,2.4513,1.837,1.551,2.5986,2.2874,2.4405,2.2987,2.1416,2.4252,2.4625,1.4191,1.5884,2.1486,2.6367
2.0164,2.4513,1.837,1.551,2.5986,2.2874,2.4405,2.2987,2.1416,2.4252,2.4625,1.4191,1.5884,2.1486,2.6367
2.0164,2.4513,1.837,1.551,2.5986,2.2874,2.4405,2.2987,2.1416,2.4252,2.4625,1.4191,1.5884,2.1486,2.6367
2.0164,2.4513,1.837,1.551,2.5986,2.2874,2.4405,2.2987,2.1416,2.4252,2.4625,1.4191,1.5884,2.1486,2.6367
2.0164,2.4513,1.837,1.551,2.5986,2.2874,2.4405,2.2987,2.1416,2.4252,2.4625,1.4191,1.5884,2.1486,2.6367
2.0164,2.4513,1.837,1.551,2.5986,2.2874,2.4405,2.2987,2.1416,2.4252,2.4625,1.4191,1.5884,2.1486,2.6367
2.0164,2.4513,1.837,1.551,2.5986,2.2874,2.4405,2.2987,2.1416,2.4252,2.4625,1.4191,1.5884,2.1486,2.6367
2.0164,2.4513,1.837,1.551,2.5986,2.2874,2.4405,2.2987,2.1416,2.4252,2.4625,1.4191,1.5884,2.1486,2.6367
2.0164,2.4513,1.837,1.551,2.5986,2.2874,2.4405,2.2987,2.1416,2.4252,2.4625,1.4191,1.5884,2.1486,2.6367
2.0164,2.4513,1.837,1.551,2.5986,2.2874,2.4405,2.2987,2.1416,2.4252,2.4625,1.4191,1.5884,2.1486,2.6367
2.0164,2.4513,1.837,1.551,2.5986,2.2874,2.4405,2.2987,2.1416,2.4252,2.4625,1.4191,1.5884,2.1486,2.6367
2.0164,2.4513,1.837,1.551,2.5986,2.2874,2.4405,2.2987,2.1416,2.4252,2.4625,1.4191,1.5884,2.1486,2.6367
2.0164,2.4513,1.837,1.551,2.5986,2.2874,2.4405,2.2987,2.1416,2.4252,2.4625,1.4191,1.5884,2.1486,2.6367
2.0164,2.4513,1.837,1.551,2.5986,2.2874,2.4405,2.2987,2.1416,2.4252,2.4625,1.4191,1.5884,2.1486,2.6367
2.0164,2.4513,1.837,1.551,2.5986,2.2874,2.4405,2.2987,2.1416,2.4252,2.4625,1.4191,1.5884,2.1486,2.6367
2.0164,2.4513,1.837,1.551,2.5986,2.2874,2.4405,2.2987,2.1416,2.4252,2.4625,1.4191,1.5884,2.1486,2.6367
2.0164,2.4513,1.837,1.551,2.5986,2.2874,2.4405,2.2987,2.1416,2.4252,2.4625,1.4191,1.5884,2.1486,2.6367
2.0164,2.4513,1.837,1.551,2.5986,2.2874,2.4405,2.2987,2.1416,2.4252,2.4625,1.4191,1.5884,2.1486,2.6367
2.0164,2.4513,1.837,1.551,2.5986,2.2874,2.4405,2.2987,2.1416,2.4252,2.4625,1.4191,1.5884,2.1486,2.6367
2.0164,2.4513,1.837,1.551,2.5986,2.2874,2.4405,2.2987,2.1416,2.4252,2.4625,1.4191,1.5884,2.1486,2.6367
2.0164,2.4513,1.837,1.551,2.5986,2.2874,2.4405,2.2987,2.1416,2.4252,2.4625,1.4191,1.5884,2.1486,2.6367
