1
523.000000,55.000000,26.000000,26.000000
522.000000,62.000000,26.000000,26.000000
519.000000,78.000000,26.000000,26.000000
519.000000,88.000000,26.000000,26.000000
516.000000,103.000000,26.000000,26.000000
514.000000,112.000000,26.000000,26.000000
512.000000,122.000000,26.000000,26.000000
506.000000,136.000000,26.000000,26.000000
504.000000,153.000000,26.000000,26.000000
512.000000,160.000000,26.000000,26.000000
524.000000,166.000000,26.000000,26.000000
532.000000,173.000000,26.000000,26.000000
2
0
0
0
0
1
604.000000,241.000000,11.000000,16.000000
610.000000,253.000000,11.000000,16.000000
613.000000,262.000000,11.000000,16.000000
615.000000,258.000000,11.000000,16.000000
617.000000,259.000000,11.000000,16.000000
620.000000,259.000000,11.000000,16.000000
626.000000,260.000000,11.000000,16.000000
628.000000,259.000000,11.000000,16.000000
629.000000,260.000000,11.000000,16.000000
634.000000,267.000000,11.000000,16.000000
632.000000,269.000000,11.000000,16.000000
639.000000,268.000000,11.000000,16.000000
643.000000,268.000000,11.000000,16.000000
641.000000,264.000000,11.000000,16.000000
647.000000,264.000000,11.000000,16.000000
646.000000,264.000000,11.000000,16.000000
647.000000,269.000000,11.000000,16.000000
647.000000,271.000000,11.000000,16.000000
648.000000,274.000000,11.000000,16.000000
654.000000,273.000000,11.000000,16.000000
653.000000,274.000000,11.000000,16.000000
656.000000,274.000000,11.000000,16.000000
