1
522.000000,55.000000,26.000000,26.000000
522.000000,63.000000,26.000000,26.000000
520.000000,79.000000,26.000000,26.000000
518.000000,87.000000,26.000000,26.000000
515.000000,102.000000,26.000000,26.000000
514.000000,110.000000,26.000000,26.000000
514.000000,120.000000,26.000000,26.000000
508.000000,137.000000,26.000000,26.000000
507.000000,149.000000,26.000000,26.000000
512.000000,148.000000,26.000000,26.000000
526.000000,164.000000,26.000000,26.000000
532.000000,172.000000,26.000000,26.000000
544.000000,180.000000,26.000000,26.000000
557.000000,187.000000,26.000000,26.000000
566.000000,190.000000,26.000000,26.000000
576.000000,200.000000,26.000000,26.000000
579.000000,208.000000,26.000000,26.000000
590.000000,222.000000,26.000000,26.000000
601.000000,235.000000,26.000000,26.000000
2
0
0
0
0
1
623.000000,265.000000,16.000000,16.000000
626.000000,265.000000,16.000000,16.000000
629.000000,267.000000,16.000000,16.000000
629.000000,271.000000,16.000000,16.000000
635.000000,269.000000,16.000000,16.000000
636.000000,269.000000,16.000000,16.000000
637.000000,265.000000,16.000000,16.000000
642.000000,266.000000,16.000000,16.000000
643.000000,267.000000,16.000000,16.000000
642.000000,271.000000,16.000000,16.000000
642.000000,273.000000,16.000000,16.000000
643.000000,275.000000,16.000000,16.000000
648.000000,273.000000,16.000000,16.000000
649.000000,274.000000,16.000000,16.000000
652.000000,275.000000,16.000000,16.000000
