1
524.000000,55.000000,26.000000,26.000000
521.000000,63.000000,26.000000,26.000000
519.000000,79.000000,26.000000,26.000000
518.000000,87.000000,26.000000,26.000000
514.000000,101.000000,26.000000,26.000000
514.000000,109.000000,26.000000,26.000000
513.000000,121.000000,26.000000,26.000000
504.000000,135.000000,26.000000,26.000000
504.000000,152.000000,26.000000,26.000000
511.000000,160.000000,26.000000,26.000000
522.000000,165.000000,26.000000,26.000000
530.000000,170.000000,26.000000,26.000000
2
0
0
0
0
1
604.000000,241.000000,11.000000,16.000000
610.000000,254.000000,11.000000,16.000000
613.000000,263.000000,11.000000,16.000000
614.000000,264.000000,11.000000,16.000000
618.000000,261.000000,11.000000,16.000000
621.000000,261.000000,11.000000,16.000000
627.000000,262.000000,11.000000,16.000000
633.000000,263.000000,11.000000,16.000000
633.000000,263.000000,11.000000,16.000000
639.000000,268.000000,11.000000,16.000000
637.000000,270.000000,11.000000,16.000000
642.000000,269.000000,11.000000,16.000000
644.000000,268.000000,11.000000,16.000000
642.000000,264.000000,11.000000,16.000000
647.000000,264.000000,11.000000,16.000000
647.000000,265.000000,11.000000,16.000000
648.000000,270.000000,11.000000,16.000000
648.000000,270.000000,11.000000,16.000000
647.000000,273.000000,11.000000,16.000000
653.000000,272.000000,11.000000,16.000000
654.000000,273.000000,11.000000,16.000000
657.000000,273.000000,11.000000,16.000000
