1
523.000000,55.000000,26.000000,26.000000
521.000000,62.000000,26.000000,26.000000
520.000000,80.000000,26.000000,26.000000
517.000000,87.000000,26.000000,26.000000
516.000000,101.000000,26.000000,26.000000
514.000000,112.000000,26.000000,26.000000
512.000000,125.000000,26.000000,26.000000
505.000000,139.000000,26.000000,26.000000
504.000000,148.000000,26.000000,26.000000
511.000000,155.000000,26.000000,26.000000
526.000000,166.000000,26.000000,26.000000
531.000000,174.000000,26.000000,26.000000
2
0
0
0
0
1
604.000000,242.000000,11.000000,16.000000
612.000000,253.000000,11.000000,16.000000
613.000000,262.000000,11.000000,16.000000
614.000000,260.000000,11.000000,16.000000
617.000000,260.000000,11.000000,16.000000
620.000000,260.000000,11.000000,16.000000
627.000000,261.000000,11.000000,16.000000
628.000000,260.000000,11.000000,16.000000
630.000000,263.000000,11.000000,16.000000
637.000000,267.000000,11.000000,16.000000
634.000000,270.000000,11.000000,16.000000
641.000000,268.000000,11.000000,16.000000
643.000000,268.000000,11.000000,16.000000
643.000000,265.000000,11.000000,16.000000
647.000000,264.000000,11.000000,16.000000
647.000000,265.000000,11.000000,16.000000
647.000000,270.000000,11.000000,16.000000
647.000000,271.000000,11.000000,16.000000
647.000000,275.000000,11.000000,16.000000
653.000000,273.000000,11.000000,16.000000
653.000000,274.000000,11.000000,16.000000
655.000000,277.000000,11.000000,16.000000
