1
523.000000,225.000000,86.000000,35.000000
523.000000,230.000000,86.000000,35.000000
523.000000,239.000000,86.000000,35.000000
518.000000,243.000000,86.000000,35.000000
519.000000,247.000000,86.000000,35.000000
518.000000,257.000000,86.000000,35.000000
522.000000,258.000000,86.000000,35.000000
526.000000,263.000000,86.000000,35.000000
534.000000,266.000000,86.000000,35.000000
525.000000,270.000000,86.000000,35.000000
527.000000,273.000000,86.000000,35.000000
519.000000,273.000000,86.000000,35.000000
524.000000,277.000000,86.000000,35.000000
523.000000,282.000000,86.000000,35.000000
538.000000,283.000000,86.000000,35.000000
539.000000,297.000000,86.000000,35.000000
526.000000,297.000000,86.000000,35.000000
527.000000,297.000000,86.000000,35.000000
531.000000,301.000000,86.000000,35.000000
517.000000,304.000000,86.000000,35.000000
508.000000,316.000000,86.000000,35.000000
530.000000,321.000000,86.000000,35.000000
532.000000,322.000000,86.000000,35.000000
537.000000,320.000000,86.000000,35.000000
530.000000,321.000000,86.000000,35.000000
525.000000,338.000000,86.000000,35.000000
531.000000,346.000000,86.000000,35.000000
534.000000,344.000000,86.000000,35.000000
533.000000,328.000000,86.000000,35.000000
523.000000,330.000000,86.000000,35.000000
540.000000,359.000000,86.000000,35.000000
539.000000,364.000000,86.000000,35.000000
536.000000,343.000000,86.000000,35.000000
532.000000,369.000000,86.000000,35.000000
539.000000,360.000000,86.000000,35.000000
535.000000,346.000000,86.000000,35.000000
534.000000,339.000000,86.000000,35.000000
532.000000,333.000000,86.000000,35.000000
527.000000,364.000000,86.000000,35.000000
527.000000,349.000000,86.000000,35.000000
528.000000,326.000000,86.000000,35.000000
514.000000,325.000000,86.000000,35.000000
531.000000,329.000000,86.000000,35.000000
514.000000,325.000000,86.000000,35.000000
513.000000,322.000000,86.000000,35.000000
527.000000,310.000000,86.000000,35.000000
524.000000,302.000000,86.000000,35.000000
507.000000,306.000000,86.000000,35.000000
518.000000,302.000000,86.000000,35.000000
521.000000,302.000000,86.000000,35.000000
511.000000,308.000000,86.000000,35.000000
515.000000,303.000000,86.000000,35.000000
518.000000,297.000000,86.000000,35.000000
510.000000,293.000000,86.000000,35.000000
511.000000,294.000000,86.000000,35.000000
514.000000,307.000000,86.000000,35.000000
511.000000,316.000000,86.000000,35.000000
511.000000,310.000000,86.000000,35.000000
515.000000,308.000000,86.000000,35.000000
506.000000,303.000000,86.000000,35.000000
506.000000,315.000000,86.000000,35.000000
520.000000,329.000000,86.000000,35.000000
523.000000,334.000000,86.000000,35.000000
524.000000,330.000000,86.000000,35.000000
512.000000,325.000000,86.000000,35.000000
518.000000,337.000000,86.000000,35.000000
521.000000,362.000000,86.000000,35.000000
513.000000,361.000000,86.000000,35.000000
512.000000,337.000000,86.000000,35.000000
512.000000,354.000000,86.000000,35.000000
518.000000,366.000000,86.000000,35.000000
529.000000,361.000000,86.000000,35.000000
521.000000,342.000000,86.000000,35.000000
2
0
0
0
0
1
540.000000,334.000000,57.000000,28.000000
544.000000,337.000000,57.000000,28.000000
549.000000,339.000000,57.000000,28.000000
550.000000,340.000000,57.000000,28.000000
559.000000,341.000000,57.000000,28.000000
556.000000,336.000000,57.000000,28.000000
585.000000,355.000000,57.000000,28.000000
553.000000,343.000000,57.000000,28.000000
551.000000,345.000000,57.000000,28.000000
558.000000,347.000000,57.000000,28.000000
576.000000,353.000000,57.000000,28.000000
567.000000,352.000000,57.000000,28.000000
562.000000,357.000000,57.000000,28.000000
564.000000,360.000000,57.000000,28.000000
568.000000,368.000000,57.000000,28.000000
568.000000,371.000000,57.000000,28.000000
574.000000,377.000000,57.000000,28.000000
562.000000,379.000000,57.000000,28.000000
574.000000,389.000000,57.000000,28.000000
591.000000,392.000000,57.000000,28.000000
592.000000,385.000000,57.000000,28.000000
579.000000,386.000000,57.000000,28.000000
590.000000,384.000000,57.000000,28.000000
597.000000,385.000000,57.000000,28.000000
608.000000,375.000000,57.000000,28.000000
601.000000,364.000000,57.000000,28.000000
619.000000,347.000000,57.000000,28.000000
2
0
0
0
0
1
592.000000,333.000000,89.000000,44.000000
602.000000,329.000000,89.000000,44.000000
596.000000,321.000000,89.000000,44.000000
597.000000,313.000000,89.000000,44.000000
585.000000,308.000000,89.000000,44.000000
581.000000,304.000000,89.000000,44.000000
588.000000,300.000000,89.000000,44.000000
597.000000,295.000000,89.000000,44.000000
602.000000,326.000000,89.000000,44.000000
2
0
0
0
0
1
581.000000,236.000000,67.000000,68.000000
591.000000,234.000000,67.000000,68.000000
605.000000,241.000000,67.000000,68.000000
598.000000,232.000000,67.000000,68.000000
574.000000,228.000000,67.000000,68.000000
572.000000,223.000000,67.000000,68.000000
571.000000,223.000000,67.000000,68.000000
574.000000,224.000000,67.000000,68.000000
579.000000,230.000000,67.000000,68.000000
587.000000,229.000000,67.000000,68.000000
581.000000,222.000000,67.000000,68.000000
576.000000,219.000000,67.000000,68.000000
574.000000,220.000000,67.000000,68.000000
563.000000,241.000000,67.000000,68.000000
582.000000,241.000000,67.000000,68.000000
592.000000,237.000000,67.000000,68.000000
589.000000,235.000000,67.000000,68.000000
579.000000,222.000000,67.000000,68.000000
588.000000,227.000000,67.000000,68.000000
591.000000,235.000000,67.000000,68.000000
572.000000,238.000000,67.000000,68.000000
597.000000,240.000000,67.000000,68.000000
570.000000,252.000000,67.000000,68.000000
576.000000,254.000000,67.000000,68.000000
582.000000,253.000000,67.000000,68.000000
587.000000,257.000000,67.000000,68.000000
587.000000,262.000000,67.000000,68.000000
585.000000,276.000000,67.000000,68.000000
584.000000,294.000000,67.000000,68.000000
603.000000,303.000000,67.000000,68.000000
602.000000,306.000000,67.000000,68.000000
594.000000,305.000000,67.000000,68.000000
585.000000,319.000000,67.000000,68.000000
601.000000,334.000000,67.000000,68.000000
601.000000,362.000000,67.000000,68.000000
597.000000,368.000000,67.000000,68.000000
598.000000,367.000000,67.000000,68.000000
613.000000,378.000000,67.000000,68.000000
614.000000,367.000000,67.000000,68.000000
614.000000,358.000000,67.000000,68.000000
612.000000,363.000000,67.000000,68.000000
623.000000,384.000000,67.000000,68.000000
622.000000,386.000000,67.000000,68.000000
619.000000,375.000000,67.000000,68.000000
619.000000,373.000000,67.000000,68.000000
618.000000,380.000000,67.000000,68.000000
622.000000,392.000000,67.000000,68.000000
611.000000,381.000000,67.000000,68.000000
607.000000,379.000000,67.000000,68.000000
613.000000,390.000000,67.000000,68.000000
609.000000,391.000000,67.000000,68.000000
607.000000,415.000000,67.000000,68.000000
2
0
0
0
0
1
587.000000,338.000000,67.000000,39.000000
592.000000,338.000000,67.000000,39.000000
587.000000,339.000000,67.000000,39.000000
580.000000,334.000000,67.000000,39.000000
597.000000,320.000000,67.000000,39.000000
590.000000,311.000000,67.000000,39.000000
589.000000,303.000000,67.000000,39.000000
588.000000,301.000000,67.000000,39.000000
594.000000,302.000000,67.000000,39.000000
591.000000,307.000000,67.000000,39.000000
593.000000,302.000000,67.000000,39.000000
592.000000,296.000000,67.000000,39.000000
587.000000,291.000000,67.000000,39.000000
578.000000,281.000000,67.000000,39.000000
585.000000,288.000000,67.000000,39.000000
584.000000,296.000000,67.000000,39.000000
587.000000,297.000000,67.000000,39.000000
592.000000,297.000000,67.000000,39.000000
591.000000,292.000000,67.000000,39.000000
584.000000,284.000000,67.000000,39.000000
584.000000,291.000000,67.000000,39.000000
589.000000,302.000000,67.000000,39.000000
579.000000,307.000000,67.000000,39.000000
585.000000,310.000000,67.000000,39.000000
576.000000,307.000000,67.000000,39.000000
578.000000,306.000000,67.000000,39.000000
581.000000,307.000000,67.000000,39.000000
580.000000,314.000000,67.000000,39.000000
583.000000,326.000000,67.000000,39.000000
585.000000,326.000000,67.000000,39.000000
577.000000,321.000000,67.000000,39.000000
574.000000,326.000000,67.000000,39.000000
586.000000,334.000000,67.000000,39.000000
590.000000,353.000000,67.000000,39.000000
590.000000,352.000000,67.000000,39.000000
585.000000,348.000000,67.000000,39.000000
591.000000,352.000000,67.000000,39.000000
605.000000,359.000000,67.000000,39.000000
599.000000,372.000000,67.000000,39.000000
608.000000,375.000000,67.000000,39.000000
612.000000,371.000000,67.000000,39.000000
603.000000,385.000000,67.000000,39.000000
596.000000,398.000000,67.000000,39.000000
614.000000,405.000000,67.000000,39.000000
609.000000,384.000000,67.000000,39.000000
611.000000,396.000000,67.000000,39.000000
615.000000,401.000000,67.000000,39.000000
618.000000,406.000000,67.000000,39.000000
611.000000,385.000000,67.000000,39.000000
614.000000,383.000000,67.000000,39.000000
607.000000,390.000000,67.000000,39.000000
616.000000,386.000000,67.000000,39.000000
620.000000,377.000000,67.000000,39.000000
614.000000,369.000000,67.000000,39.000000
613.000000,364.000000,67.000000,39.000000
611.000000,366.000000,67.000000,39.000000
610.000000,368.000000,67.000000,39.000000
611.000000,364.000000,67.000000,39.000000
610.000000,354.000000,67.000000,39.000000
602.000000,344.000000,67.000000,39.000000
599.000000,346.000000,67.000000,39.000000
598.000000,343.000000,67.000000,39.000000
602.000000,318.000000,67.000000,39.000000
2
0
0
0
0
1
580.000000,287.000000,73.000000,52.000000
579.000000,276.000000,73.000000,52.000000
587.000000,271.000000,73.000000,52.000000
584.000000,268.000000,73.000000,52.000000
608.000000,269.000000,73.000000,52.000000
610.000000,281.000000,73.000000,52.000000
610.000000,272.000000,73.000000,52.000000
595.000000,264.000000,73.000000,52.000000
590.000000,261.000000,73.000000,52.000000
590.000000,257.000000,73.000000,52.000000
597.000000,264.000000,73.000000,52.000000
595.000000,275.000000,73.000000,52.000000
591.000000,277.000000,73.000000,52.000000
602.000000,274.000000,73.000000,52.000000
592.000000,270.000000,73.000000,52.000000
599.000000,267.000000,73.000000,52.000000
594.000000,283.000000,73.000000,52.000000
594.000000,303.000000,73.000000,52.000000
594.000000,301.000000,73.000000,52.000000
594.000000,297.000000,73.000000,52.000000
592.000000,297.000000,73.000000,52.000000
582.000000,309.000000,73.000000,52.000000
589.000000,326.000000,73.000000,52.000000
592.000000,332.000000,73.000000,52.000000
597.000000,337.000000,73.000000,52.000000
589.000000,343.000000,73.000000,52.000000
599.000000,348.000000,73.000000,52.000000
575.000000,356.000000,73.000000,52.000000
585.000000,379.000000,73.000000,52.000000
593.000000,405.000000,73.000000,52.000000
598.000000,378.000000,73.000000,52.000000
607.000000,377.000000,73.000000,52.000000
595.000000,398.000000,73.000000,52.000000
604.000000,397.000000,73.000000,52.000000
606.000000,381.000000,73.000000,52.000000
616.000000,392.000000,73.000000,52.000000
610.000000,409.000000,73.000000,52.000000
612.000000,406.000000,73.000000,52.000000
607.000000,378.000000,73.000000,52.000000
613.000000,377.000000,73.000000,52.000000
626.000000,407.000000,73.000000,52.000000
627.000000,418.000000,73.000000,52.000000
623.000000,395.000000,73.000000,52.000000
629.000000,384.000000,73.000000,52.000000
640.000000,382.000000,73.000000,52.000000
631.000000,408.000000,73.000000,52.000000
643.000000,403.000000,73.000000,52.000000
634.000000,400.000000,73.000000,52.000000
643.000000,379.000000,73.000000,52.000000
636.000000,381.000000,73.000000,52.000000
639.000000,410.000000,73.000000,52.000000
656.000000,402.000000,73.000000,52.000000
647.000000,396.000000,73.000000,52.000000
641.000000,378.000000,73.000000,52.000000
630.000000,382.000000,73.000000,52.000000
644.000000,382.000000,73.000000,52.000000
641.000000,399.000000,73.000000,52.000000
627.000000,394.000000,73.000000,52.000000
616.000000,381.000000,73.000000,52.000000
610.000000,364.000000,73.000000,52.000000
602.000000,375.000000,73.000000,52.000000
584.000000,387.000000,73.000000,52.000000
574.000000,394.000000,73.000000,52.000000
552.000000,389.000000,73.000000,52.000000
542.000000,371.000000,73.000000,52.000000
513.000000,367.000000,73.000000,52.000000
510.000000,362.000000,73.000000,52.000000
487.000000,384.000000,73.000000,52.000000
458.000000,381.000000,73.000000,52.000000
440.000000,375.000000,73.000000,52.000000
419.000000,348.000000,73.000000,52.000000
391.000000,344.000000,73.000000,52.000000
366.000000,358.000000,73.000000,52.000000
349.000000,368.000000,73.000000,52.000000
326.000000,371.000000,73.000000,52.000000
302.000000,349.000000,73.000000,52.000000
272.000000,341.000000,73.000000,52.000000
250.000000,323.000000,73.000000,52.000000
223.000000,342.000000,73.000000,52.000000
198.000000,335.000000,73.000000,52.000000
163.000000,335.000000,73.000000,52.000000
136.000000,337.000000,73.000000,52.000000
114.000000,315.000000,73.000000,52.000000
89.000000,304.000000,73.000000,52.000000
