1
185.7200,208.7300,45.0100,110.9800
185.7200,208.7300,45.0100,110.9800
185.7200,208.7300,45.0100,110.9800
185.7200,208.7300,45.0100,110.9800
185.7200,208.7300,45.0100,110.9800
185.7200,208.7300,45.0100,110.9800
185.7200,208.7300,45.0100,110.9800
185.7200,208.7300,45.0100,110.9800
185.7200,208.7300,45.0100,110.9800
185.7200,208.7300,45.0100,110.9800
185.7200,208.7300,45.0100,110.9800
185.7200,208.7300,45.0100,110.9800
185.7200,208.7300,45.0100,110.9800
185.7200,208.7300,45.0100,110.9800
185.7200,208.7300,45.0100,110.9800
185.7200,208.7300,45.0100,110.9800
185.7200,208.7300,45.0100,110.9800
185.7200,208.7300,45.0100,110.9800
185.7200,208.7300,45.0100,110.9800
185.7200,208.7300,45.0100,110.9800
185.7200,208.7300,45.0100,110.9800
185.7200,208.7300,45.0100,110.9800
185.7200,208.7300,45.0100,110.9800
185.7200,208.7300,45.0100,110.9800
185.7200,208.7300,45.0100,110.9800
185.7200,208.7300,45.0100,110.9800
185.7200,208.7300,45.0100,110.9800
185.7200,208.7300,45.0100,110.9800
2
0
0
0
0
1
254.5600,224.2000,47.2900,106.1700
254.5600,224.2000,47.2900,106.1700
254.5600,224.2000,47.2900,106.1700
254.5600,224.2000,47.2900,106.1700
254.5600,224.2000,47.2900,106.1700
254.5600,224.2000,47.2900,106.1700
254.5600,224.2000,47.2900,106.1700
254.5600,224.2000,47.2900,106.1700
254.5600,224.2000,47.2900,106.1700
254.5600,224.2000,47.2900,106.1700
254.5600,224.2000,47.2900,106.1700
254.5600,224.2000,47.2900,106.1700
254.5600,224.2000,47.2900,106.1700
254.5600,224.2000,47.2900,106.1700
254.5600,224.2000,47.2900,106.1700
254.5600,224.2000,47.2900,106.1700
254.5600,224.2000,47.2900,106.1700
254.5600,224.2000,47.2900,106.1700
254.5600,224.2000,47.2900,106.1700
254.5600,224.2000,47.2900,106.1700
254.5600,224.2000,47.2900,106.1700
254.5600,224.2000,47.2900,106.1700
254.5600,224.2000,47.2900,106.1700
254.5600,224.2000,47.2900,106.1700
254.5600,224.2000,47.2900,106.1700
254.5600,224.2000,47.2900,106.1700
254.5600,224.2000,47.2900,106.1700
254.5600,224.2000,47.2900,106.1700
254.5600,224.2000,47.2900,106.1700
254.5600,224.2000,47.2900,106.1700
254.5600,224.2000,47.2900,106.1700
254.5600,224.2000,47.2900,106.1700
254.5600,224.2000,47.2900,106.1700
254.5600,224.2000,47.2900,106.1700
254.5600,224.2000,47.2900,106.1700
254.5600,224.2000,47.2900,106.1700
254.5600,224.2000,47.2900,106.1700
254.5600,224.2000,47.2900,106.1700
254.5600,224.2000,47.2900,106.1700
2
0
0
0
0
1
157.9300,228.4800,56.2300,116.7700
157.9300,228.4800,56.2300,116.7700
157.9300,228.4800,56.2300,116.7700
157.9300,228.4800,56.2300,116.7700
157.9300,228.4800,56.2300,116.7700
157.9300,228.4800,56.2300,116.7700
157.9300,228.4800,56.2300,116.7700
157.9300,228.4800,56.2300,116.7700
157.9300,228.4800,56.2300,116.7700
157.9300,228.4800,56.2300,116.7700
157.9300,228.4800,56.2300,116.7700
157.9300,228.4800,56.2300,116.7700
157.9300,228.4800,56.2300,116.7700
157.9300,228.4800,56.2300,116.7700
157.9300,228.4800,56.2300,116.7700
157.9300,228.4800,56.2300,116.7700
2
0
0
0
0
1
104.6000,203.4600,61.2100,120.5200
104.6000,203.4600,61.2100,120.5200
104.6000,203.4600,61.2100,120.5200
104.6000,203.4600,61.2100,120.5200
104.6000,203.4600,61.2100,120.5200
104.6000,203.4600,61.2100,120.5200
104.6000,203.4600,61.2100,120.5200
104.6000,203.4600,61.2100,120.5200
104.6000,203.4600,61.2100,120.5200
104.6000,203.4600,61.2100,120.5200
104.6000,203.4600,61.2100,120.5200
104.6000,203.4600,61.2100,120.5200
104.6000,203.4600,61.2100,120.5200
104.6000,203.4600,61.2100,120.5200
104.6000,203.4600,61.2100,120.5200
104.6000,203.4600,61.2100,120.5200
104.6000,203.4600,61.2100,120.5200
2
0
0
0
0
1
179.8300,176.8700,47.0800,105.3300
179.8300,176.8700,47.0800,105.3300
179.8300,176.8700,47.0800,105.3300
179.8300,176.8700,47.0800,105.3300
179.8300,176.8700,47.0800,105.3300
179.8300,176.8700,47.0800,105.3300
179.8300,176.8700,47.0800,105.3300
179.8300,176.8700,47.0800,105.3300
179.8300,176.8700,47.0800,105.3300
179.8300,176.8700,47.0800,105.3300
179.8300,176.8700,47.0800,105.3300
179.8300,176.8700,47.0800,105.3300
179.8300,176.8700,47.0800,105.3300
179.8300,176.8700,47.0800,105.3300
179.8300,176.8700,47.0800,105.3300
179.8300,176.8700,47.0800,105.3300
179.8300,176.8700,47.0800,105.3300
179.8300,176.8700,47.0800,105.3300
179.8300,176.8700,47.0800,105.3300
179.8300,176.8700,47.0800,105.3300
179.8300,176.8700,47.0800,105.3300
179.8300,176.8700,47.0800,105.3300
2
0
0
0
0
1
230.5900,163.6900,42.4400,107.7700
230.5900,163.6900,42.4400,107.7700
230.5900,163.6900,42.4400,107.7700
230.5900,163.6900,42.4400,107.7700
230.5900,163.6900,42.4400,107.7700
230.5900,163.6900,42.4400,107.7700
230.5900,163.6900,42.4400,107.7700
230.5900,163.6900,42.4400,107.7700
230.5900,163.6900,42.4400,107.7700
230.5900,163.6900,42.4400,107.7700
230.5900,163.6900,42.4400,107.7700
230.5900,163.6900,42.4400,107.7700
230.5900,163.6900,42.4400,107.7700
230.5900,163.6900,42.4400,107.7700
230.5900,163.6900,42.4400,107.7700
230.5900,163.6900,42.4400,107.7700
230.5900,163.6900,42.4400,107.7700
230.5900,163.6900,42.4400,107.7700
230.5900,163.6900,42.4400,107.7700
230.5900,163.6900,42.4400,107.7700
230.5900,163.6900,42.4400,107.7700
230.5900,163.6900,42.4400,107.7700
230.5900,163.6900,42.4400,107.7700
2
0
0
0
0
1
276.1900,149.3900,42.4000,83.8400
276.1900,149.3900,42.4000,83.8400
276.1900,149.3900,42.4000,83.8400
276.1900,149.3900,42.4000,83.8400
276.1900,149.3900,42.4000,83.8400
276.1900,149.3900,42.4000,83.8400
276.1900,149.3900,42.4000,83.8400
276.1900,149.3900,42.4000,83.8400
276.1900,149.3900,42.4000,83.8400
276.1900,149.3900,42.4000,83.8400
276.1900,149.3900,42.4000,83.8400
276.1900,149.3900,42.4000,83.8400
276.1900,149.3900,42.4000,83.8400
276.1900,149.3900,42.4000,83.8400
276.1900,149.3900,42.4000,83.8400
276.1900,149.3900,42.4000,83.8400
276.1900,149.3900,42.4000,83.8400
276.1900,149.3900,42.4000,83.8400
276.1900,149.3900,42.4000,83.8400
276.1900,149.3900,42.4000,83.8400
276.1900,149.3900,42.4000,83.8400
276.1900,149.3900,42.4000,83.8400
276.1900,149.3900,42.4000,83.8400
276.1900,149.3900,42.4000,83.8400
276.1900,149.3900,42.4000,83.8400
276.1900,149.3900,42.4000,83.8400
276.1900,149.3900,42.4000,83.8400
276.1900,149.3900,42.4000,83.8400
276.1900,149.3900,42.4000,83.8400
276.1900,149.3900,42.4000,83.8400
276.1900,149.3900,42.4000,83.8400
276.1900,149.3900,42.4000,83.8400
276.1900,149.3900,42.4000,83.8400
276.1900,149.3900,42.4000,83.8400
276.1900,149.3900,42.4000,83.8400
276.1900,149.3900,42.4000,83.8400
276.1900,149.3900,42.4000,83.8400
276.1900,149.3900,42.4000,83.8400
276.1900,149.3900,42.4000,83.8400
276.1900,149.3900,42.4000,83.8400
276.1900,149.3900,42.4000,83.8400
276.1900,149.3900,42.4000,83.8400
276.1900,149.3900,42.4000,83.8400
276.1900,149.3900,42.4000,83.8400
276.1900,149.3900,42.4000,83.8400
276.1900,149.3900,42.4000,83.8400
276.1900,149.3900,42.4000,83.8400
276.1900,149.3900,42.4000,83.8400
276.1900,149.3900,42.4000,83.8400
276.1900,149.3900,42.4000,83.8400
276.1900,149.3900,42.4000,83.8400
276.1900,149.3900,42.4000,83.8400
276.1900,149.3900,42.4000,83.8400
276.1900,149.3900,42.4000,83.8400
276.1900,149.3900,42.4000,83.8400
276.1900,149.3900,42.4000,83.8400
276.1900,149.3900,42.4000,83.8400
276.1900,149.3900,42.4000,83.8400
276.1900,149.3900,42.4000,83.8400
276.1900,149.3900,42.4000,83.8400
276.1900,149.3900,42.4000,83.8400
276.1900,149.3900,42.4000,83.8400
2
0
0
0
0
1
222.0800,181.5200,36.5800,120.3300
222.0800,181.5200,36.5800,120.3300
222.0800,181.5200,36.5800,120.3300
222.0800,181.5200,36.5800,120.3300
222.0800,181.5200,36.5800,120.3300
222.0800,181.5200,36.5800,120.3300
222.0800,181.5200,36.5800,120.3300
222.0800,181.5200,36.5800,120.3300
222.0800,181.5200,36.5800,120.3300
222.0800,181.5200,36.5800,120.3300
222.0800,181.5200,36.5800,120.3300
222.0800,181.5200,36.5800,120.3300
222.0800,181.5200,36.5800,120.3300
222.0800,181.5200,36.5800,120.3300
222.0800,181.5200,36.5800,120.3300
222.0800,181.5200,36.5800,120.3300
222.0800,181.5200,36.5800,120.3300
222.0800,181.5200,36.5800,120.3300
222.0800,181.5200,36.5800,120.3300
222.0800,181.5200,36.5800,120.3300
222.0800,181.5200,36.5800,120.3300
222.0800,181.5200,36.5800,120.3300
222.0800,181.5200,36.5800,120.3300
222.0800,181.5200,36.5800,120.3300
222.0800,181.5200,36.5800,120.3300
222.0800,181.5200,36.5800,120.3300
222.0800,181.5200,36.5800,120.3300
222.0800,181.5200,36.5800,120.3300
222.0800,181.5200,36.5800,120.3300
222.0800,181.5200,36.5800,120.3300
222.0800,181.5200,36.5800,120.3300
222.0800,181.5200,36.5800,120.3300
222.0800,181.5200,36.5800,120.3300
222.0800,181.5200,36.5800,120.3300
222.0800,181.5200,36.5800,120.3300
222.0800,181.5200,36.5800,120.3300
222.0800,181.5200,36.5800,120.3300
222.0800,181.5200,36.5800,120.3300
222.0800,181.5200,36.5800,120.3300
222.0800,181.5200,36.5800,120.3300
222.0800,181.5200,36.5800,120.3300
222.0800,181.5200,36.5800,120.3300
222.0800,181.5200,36.5800,120.3300
222.0800,181.5200,36.5800,120.3300
222.0800,181.5200,36.5800,120.3300
222.0800,181.5200,36.5800,120.3300
222.0800,181.5200,36.5800,120.3300
222.0800,181.5200,36.5800,120.3300
222.0800,181.5200,36.5800,120.3300
222.0800,181.5200,36.5800,120.3300
222.0800,181.5200,36.5800,120.3300
2
0
0
0
0
1
157.2800,198.3300,50.3000,109.1800
157.2800,198.3300,50.3000,109.1800
157.2800,198.3300,50.3000,109.1800
157.2800,198.3300,50.3000,109.1800
157.2800,198.3300,50.3000,109.1800
157.2800,198.3300,50.3000,109.1800
157.2800,198.3300,50.3000,109.1800
157.2800,198.3300,50.3000,109.1800
157.2800,198.3300,50.3000,109.1800
157.2800,198.3300,50.3000,109.1800
157.2800,198.3300,50.3000,109.1800
157.2800,198.3300,50.3000,109.1800
157.2800,198.3300,50.3000,109.1800
157.2800,198.3300,50.3000,109.1800
157.2800,198.3300,50.3000,109.1800
157.2800,198.3300,50.3000,109.1800
157.2800,198.3300,50.3000,109.1800
157.2800,198.3300,50.3000,109.1800
157.2800,198.3300,50.3000,109.1800
157.2800,198.3300,50.3000,109.1800
157.2800,198.3300,50.3000,109.1800
157.2800,198.3300,50.3000,109.1800
157.2800,198.3300,50.3000,109.1800
157.2800,198.3300,50.3000,109.1800
157.2800,198.3300,50.3000,109.1800
157.2800,198.3300,50.3000,109.1800
157.2800,198.3300,50.3000,109.1800
157.2800,198.3300,50.3000,109.1800
157.2800,198.3300,50.3000,109.1800
157.2800,198.3300,50.3000,109.1800
157.2800,198.3300,50.3000,109.1800
157.2800,198.3300,50.3000,109.1800
157.2800,198.3300,50.3000,109.1800
157.2800,198.3300,50.3000,109.1800
157.2800,198.3300,50.3000,109.1800
157.2800,198.3300,50.3000,109.1800
157.2800,198.3300,50.3000,109.1800
157.2800,198.3300,50.3000,109.1800
157.2800,198.3300,50.3000,109.1800
157.2800,198.3300,50.3000,109.1800
157.2800,198.3300,50.3000,109.1800
157.2800,198.3300,50.3000,109.1800
157.2800,198.3300,50.3000,109.1800
157.2800,198.3300,50.3000,109.1800
157.2800,198.3300,50.3000,109.1800
157.2800,198.3300,50.3000,109.1800
157.2800,198.3300,50.3000,109.1800
157.2800,198.3300,50.3000,109.1800
157.2800,198.3300,50.3000,109.1800
157.2800,198.3300,50.3000,109.1800
157.2800,198.3300,50.3000,109.1800
157.2800,198.3300,50.3000,109.1800
157.2800,198.3300,50.3000,109.1800
157.2800,198.3300,50.3000,109.1800
157.2800,198.3300,50.3000,109.1800
157.2800,198.3300,50.3000,109.1800
157.2800,198.3300,50.3000,109.1800
157.2800,198.3300,50.3000,109.1800
157.2800,198.3300,50.3000,109.1800
157.2800,198.3300,50.3000,109.1800
157.2800,198.3300,50.3000,109.1800
157.2800,198.3300,50.3000,109.1800
157.2800,198.3300,50.3000,109.1800
157.2800,198.3300,50.3000,109.1800
157.2800,198.3300,50.3000,109.1800
157.2800,198.3300,50.3000,109.1800
157.2800,198.3300,50.3000,109.1800
157.2800,198.3300,50.3000,109.1800
157.2800,198.3300,50.3000,109.1800
157.2800,198.3300,50.3000,109.1800
157.2800,198.3300,50.3000,109.1800
157.2800,198.3300,50.3000,109.1800
157.2800,198.3300,50.3000,109.1800
157.2800,198.3300,50.3000,109.1800
157.2800,198.3300,50.3000,109.1800
157.2800,198.3300,50.3000,109.1800
157.2800,198.3300,50.3000,109.1800
157.2800,198.3300,50.3000,109.1800
157.2800,198.3300,50.3000,109.1800
157.2800,198.3300,50.3000,109.1800
157.2800,198.3300,50.3000,109.1800
157.2800,198.3300,50.3000,109.1800
157.2800,198.3300,50.3000,109.1800
157.2800,198.3300,50.3000,109.1800
157.2800,198.3300,50.3000,109.1800
157.2800,198.3300,50.3000,109.1800
157.2800,198.3300,50.3000,109.1800
157.2800,198.3300,50.3000,109.1800
157.2800,198.3300,50.3000,109.1800
157.2800,198.3300,50.3000,109.1800
157.2800,198.3300,50.3000,109.1800
157.2800,198.3300,50.3000,109.1800
157.2800,198.3300,50.3000,109.1800
157.2800,198.3300,50.3000,109.1800
157.2800,198.3300,50.3000,109.1800
157.2800,198.3300,50.3000,109.1800
157.2800,198.3300,50.3000,109.1800
157.2800,198.3300,50.3000,109.1800
157.2800,198.3300,50.3000,109.1800
157.2800,198.3300,50.3000,109.1800
157.2800,198.3300,50.3000,109.1800
157.2800,198.3300,50.3000,109.1800
157.2800,198.3300,50.3000,109.1800
157.2800,198.3300,50.3000,109.1800
157.2800,198.3300,50.3000,109.1800
157.2800,198.3300,50.3000,109.1800
157.2800,198.3300,50.3000,109.1800
157.2800,198.3300,50.3000,109.1800
157.2800,198.3300,50.3000,109.1800
157.2800,198.3300,50.3000,109.1800
157.2800,198.3300,50.3000,109.1800
157.2800,198.3300,50.3000,109.1800
157.2800,198.3300,50.3000,109.1800
157.2800,198.3300,50.3000,109.1800
157.2800,198.3300,50.3000,109.1800
157.2800,198.3300,50.3000,109.1800
157.2800,198.3300,50.3000,109.1800
157.2800,198.3300,50.3000,109.1800
157.2800,198.3300,50.3000,109.1800
157.2800,198.3300,50.3000,109.1800
157.2800,198.3300,50.3000,109.1800
157.2800,198.3300,50.3000,109.1800
157.2800,198.3300,50.3000,109.1800
157.2800,198.3300,50.3000,109.1800
157.2800,198.3300,50.3000,109.1800
157.2800,198.3300,50.3000,109.1800
157.2800,198.3300,50.3000,109.1800
157.2800,198.3300,50.3000,109.1800
157.2800,198.3300,50.3000,109.1800
157.2800,198.3300,50.3000,109.1800
157.2800,198.3300,50.3000,109.1800
157.2800,198.3300,50.3000,109.1800
157.2800,198.3300,50.3000,109.1800
157.2800,198.3300,50.3000,109.1800
157.2800,198.3300,50.3000,109.1800
157.2800,198.3300,50.3000,109.1800
157.2800,198.3300,50.3000,109.1800
157.2800,198.3300,50.3000,109.1800
157.2800,198.3300,50.3000,109.1800
157.2800,198.3300,50.3000,109.1800
157.2800,198.3300,50.3000,109.1800
157.2800,198.3300,50.3000,109.1800
157.2800,198.3300,50.3000,109.1800
2
0
0
0
0
1
206.9600,220.6600,58.2700,125.3400
206.9600,220.6600,58.2700,125.3400
206.9600,220.6600,58.2700,125.3400
206.9600,220.6600,58.2700,125.3400
206.9600,220.6600,58.2700,125.3400
206.9600,220.6600,58.2700,125.3400
206.9600,220.6600,58.2700,125.3400
206.9600,220.6600,58.2700,125.3400
206.9600,220.6600,58.2700,125.3400
206.9600,220.6600,58.2700,125.3400
2
0
0
0
0
1
291.2200,218.8900,56.1900,125.9100
291.2200,218.8900,56.1900,125.9100
291.2200,218.8900,56.1900,125.9100
291.2200,218.8900,56.1900,125.9100
291.2200,218.8900,56.1900,125.9100
291.2200,218.8900,56.1900,125.9100
291.2200,218.8900,56.1900,125.9100
2
0
0
0
0
1
399.9500,227.0200,40.2900,78.1600
399.9500,227.0200,40.2900,78.1600
399.9500,227.0200,40.2900,78.1600
399.9500,227.0200,40.2900,78.1600
399.9500,227.0200,40.2900,78.1600
399.9500,227.0200,40.2900,78.1600
399.9500,227.0200,40.2900,78.1600
399.9500,227.0200,40.2900,78.1600
399.9500,227.0200,40.2900,78.1600
399.9500,227.0200,40.2900,78.1600
399.9500,227.0200,40.2900,78.1600
399.9500,227.0200,40.2900,78.1600
399.9500,227.0200,40.2900,78.1600
399.9500,227.0200,40.2900,78.1600
399.9500,227.0200,40.2900,78.1600
399.9500,227.0200,40.2900,78.1600
399.9500,227.0200,40.2900,78.1600
399.9500,227.0200,40.2900,78.1600
399.9500,227.0200,40.2900,78.1600
399.9500,227.0200,40.2900,78.1600
399.9500,227.0200,40.2900,78.1600
399.9500,227.0200,40.2900,78.1600
399.9500,227.0200,40.2900,78.1600
399.9500,227.0200,40.2900,78.1600
399.9500,227.0200,40.2900,78.1600
399.9500,227.0200,40.2900,78.1600
399.9500,227.0200,40.2900,78.1600
2
0
0
0
0
1
342.3100,177.5000,55.0400,109.7300
342.3100,177.5000,55.0400,109.7300
342.3100,177.5000,55.0400,109.7300
342.3100,177.5000,55.0400,109.7300
342.3100,177.5000,55.0400,109.7300
342.3100,177.5000,55.0400,109.7300
342.3100,177.5000,55.0400,109.7300
342.3100,177.5000,55.0400,109.7300
342.3100,177.5000,55.0400,109.7300
342.3100,177.5000,55.0400,109.7300
342.3100,177.5000,55.0400,109.7300
342.3100,177.5000,55.0400,109.7300
342.3100,177.5000,55.0400,109.7300
342.3100,177.5000,55.0400,109.7300
342.3100,177.5000,55.0400,109.7300
342.3100,177.5000,55.0400,109.7300
342.3100,177.5000,55.0400,109.7300
342.3100,177.5000,55.0400,109.7300
342.3100,177.5000,55.0400,109.7300
342.3100,177.5000,55.0400,109.7300
342.3100,177.5000,55.0400,109.7300
342.3100,177.5000,55.0400,109.7300
342.3100,177.5000,55.0400,109.7300
342.3100,177.5000,55.0400,109.7300
342.3100,177.5000,55.0400,109.7300
342.3100,177.5000,55.0400,109.7300
342.3100,177.5000,55.0400,109.7300
342.3100,177.5000,55.0400,109.7300
342.3100,177.5000,55.0400,109.7300
342.3100,177.5000,55.0400,109.7300
342.3100,177.5000,55.0400,109.7300
342.3100,177.5000,55.0400,109.7300
342.3100,177.5000,55.0400,109.7300
342.3100,177.5000,55.0400,109.7300
342.3100,177.5000,55.0400,109.7300
342.3100,177.5000,55.0400,109.7300
342.3100,177.5000,55.0400,109.7300
342.3100,177.5000,55.0400,109.7300
342.3100,177.5000,55.0400,109.7300
342.3100,177.5000,55.0400,109.7300
342.3100,177.5000,55.0400,109.7300
342.3100,177.5000,55.0400,109.7300
342.3100,177.5000,55.0400,109.7300
342.3100,177.5000,55.0400,109.7300
342.3100,177.5000,55.0400,109.7300
342.3100,177.5000,55.0400,109.7300
342.3100,177.5000,55.0400,109.7300
342.3100,177.5000,55.0400,109.7300
342.3100,177.5000,55.0400,109.7300
342.3100,177.5000,55.0400,109.7300
342.3100,177.5000,55.0400,109.7300
2
0
0
0
0
1
290.4900,173.5300,49.7100,115.3000
290.4900,173.5300,49.7100,115.3000
290.4900,173.5300,49.7100,115.3000
290.4900,173.5300,49.7100,115.3000
290.4900,173.5300,49.7100,115.3000
290.4900,173.5300,49.7100,115.3000
290.4900,173.5300,49.7100,115.3000
290.4900,173.5300,49.7100,115.3000
290.4900,173.5300,49.7100,115.3000
290.4900,173.5300,49.7100,115.3000
290.4900,173.5300,49.7100,115.3000
290.4900,173.5300,49.7100,115.3000
290.4900,173.5300,49.7100,115.3000
290.4900,173.5300,49.7100,115.3000
290.4900,173.5300,49.7100,115.3000
290.4900,173.5300,49.7100,115.3000
290.4900,173.5300,49.7100,115.3000
290.4900,173.5300,49.7100,115.3000
290.4900,173.5300,49.7100,115.3000
290.4900,173.5300,49.7100,115.3000
290.4900,173.5300,49.7100,115.3000
290.4900,173.5300,49.7100,115.3000
290.4900,173.5300,49.7100,115.3000
290.4900,173.5300,49.7100,115.3000
290.4900,173.5300,49.7100,115.3000
290.4900,173.5300,49.7100,115.3000
290.4900,173.5300,49.7100,115.3000
290.4900,173.5300,49.7100,115.3000
290.4900,173.5300,49.7100,115.3000
290.4900,173.5300,49.7100,115.3000
290.4900,173.5300,49.7100,115.3000
290.4900,173.5300,49.7100,115.3000
290.4900,173.5300,49.7100,115.3000
290.4900,173.5300,49.7100,115.3000
290.4900,173.5300,49.7100,115.3000
290.4900,173.5300,49.7100,115.3000
290.4900,173.5300,49.7100,115.3000
290.4900,173.5300,49.7100,115.3000
290.4900,173.5300,49.7100,115.3000
290.4900,173.5300,49.7100,115.3000
290.4900,173.5300,49.7100,115.3000
290.4900,173.5300,49.7100,115.3000
290.4900,173.5300,49.7100,115.3000
290.4900,173.5300,49.7100,115.3000
290.4900,173.5300,49.7100,115.3000
290.4900,173.5300,49.7100,115.3000
290.4900,173.5300,49.7100,115.3000
290.4900,173.5300,49.7100,115.3000
290.4900,173.5300,49.7100,115.3000
290.4900,173.5300,49.7100,115.3000
290.4900,173.5300,49.7100,115.3000
290.4900,173.5300,49.7100,115.3000
290.4900,173.5300,49.7100,115.3000
290.4900,173.5300,49.7100,115.3000
290.4900,173.5300,49.7100,115.3000
290.4900,173.5300,49.7100,115.3000
290.4900,173.5300,49.7100,115.3000
290.4900,173.5300,49.7100,115.3000
290.4900,173.5300,49.7100,115.3000
290.4900,173.5300,49.7100,115.3000
290.4900,173.5300,49.7100,115.3000
290.4900,173.5300,49.7100,115.3000
290.4900,173.5300,49.7100,115.3000
290.4900,173.5300,49.7100,115.3000
290.4900,173.5300,49.7100,115.3000
290.4900,173.5300,49.7100,115.3000
290.4900,173.5300,49.7100,115.3000
290.4900,173.5300,49.7100,115.3000
290.4900,173.5300,49.7100,115.3000
290.4900,173.5300,49.7100,115.3000
290.4900,173.5300,49.7100,115.3000
290.4900,173.5300,49.7100,115.3000
290.4900,173.5300,49.7100,115.3000
290.4900,173.5300,49.7100,115.3000
290.4900,173.5300,49.7100,115.3000
290.4900,173.5300,49.7100,115.3000
290.4900,173.5300,49.7100,115.3000
290.4900,173.5300,49.7100,115.3000
290.4900,173.5300,49.7100,115.3000
290.4900,173.5300,49.7100,115.3000
290.4900,173.5300,49.7100,115.3000
2
0
0
0
0
1
335.3900,203.8900,37.9300,110.4800
335.3900,203.8900,37.9300,110.4800
335.3900,203.8900,37.9300,110.4800
335.3900,203.8900,37.9300,110.4800
335.3900,203.8900,37.9300,110.4800
335.3900,203.8900,37.9300,110.4800
335.3900,203.8900,37.9300,110.4800
335.3900,203.8900,37.9300,110.4800
335.3900,203.8900,37.9300,110.4800
335.3900,203.8900,37.9300,110.4800
335.3900,203.8900,37.9300,110.4800
335.3900,203.8900,37.9300,110.4800
335.3900,203.8900,37.9300,110.4800
335.3900,203.8900,37.9300,110.4800
335.3900,203.8900,37.9300,110.4800
335.3900,203.8900,37.9300,110.4800
335.3900,203.8900,37.9300,110.4800
335.3900,203.8900,37.9300,110.4800
335.3900,203.8900,37.9300,110.4800
335.3900,203.8900,37.9300,110.4800
335.3900,203.8900,37.9300,110.4800
335.3900,203.8900,37.9300,110.4800
335.3900,203.8900,37.9300,110.4800
335.3900,203.8900,37.9300,110.4800
335.3900,203.8900,37.9300,110.4800
335.3900,203.8900,37.9300,110.4800
335.3900,203.8900,37.9300,110.4800
335.3900,203.8900,37.9300,110.4800
335.3900,203.8900,37.9300,110.4800
335.3900,203.8900,37.9300,110.4800
335.3900,203.8900,37.9300,110.4800
335.3900,203.8900,37.9300,110.4800
335.3900,203.8900,37.9300,110.4800
335.3900,203.8900,37.9300,110.4800
335.3900,203.8900,37.9300,110.4800
335.3900,203.8900,37.9300,110.4800
335.3900,203.8900,37.9300,110.4800
335.3900,203.8900,37.9300,110.4800
335.3900,203.8900,37.9300,110.4800
335.3900,203.8900,37.9300,110.4800
335.3900,203.8900,37.9300,110.4800
335.3900,203.8900,37.9300,110.4800
335.3900,203.8900,37.9300,110.4800
335.3900,203.8900,37.9300,110.4800
335.3900,203.8900,37.9300,110.4800
335.3900,203.8900,37.9300,110.4800
335.3900,203.8900,37.9300,110.4800
335.3900,203.8900,37.9300,110.4800
335.3900,203.8900,37.9300,110.4800
335.3900,203.8900,37.9300,110.4800
335.3900,203.8900,37.9300,110.4800
335.3900,203.8900,37.9300,110.4800
335.3900,203.8900,37.9300,110.4800
335.3900,203.8900,37.9300,110.4800
335.3900,203.8900,37.9300,110.4800
335.3900,203.8900,37.9300,110.4800
335.3900,203.8900,37.9300,110.4800
335.3900,203.8900,37.9300,110.4800
335.3900,203.8900,37.9300,110.4800
335.3900,203.8900,37.9300,110.4800
335.3900,203.8900,37.9300,110.4800
335.3900,203.8900,37.9300,110.4800
335.3900,203.8900,37.9300,110.4800
