1
96.4350,333.5100,114.8450,119.0400
96.4350,333.5100,114.8450,119.0400
96.4350,333.5100,114.8450,119.0400
96.4350,333.5100,114.8450,119.0400
96.4350,333.5100,114.8450,119.0400
96.4350,333.5100,114.8450,119.0400
96.4350,333.5100,114.8450,119.0400
96.4350,333.5100,114.8450,119.0400
96.4350,333.5100,114.8450,119.0400
96.4350,333.5100,114.8450,119.0400
96.4350,333.5100,114.8450,119.0400
96.4350,333.5100,114.8450,119.0400
96.4350,333.5100,114.8450,119.0400
96.4350,333.5100,114.8450,119.0400
96.4350,333.5100,114.8450,119.0400
2
0
0
0
0
1
139.6800,205.6800,122.1900,64.1300
139.6800,205.6800,122.1900,64.1300
139.6800,205.6800,122.1900,64.1300
139.6800,205.6800,122.1900,64.1300
139.6800,205.6800,122.1900,64.1300
139.6800,205.6800,122.1900,64.1300
139.6800,205.6800,122.1900,64.1300
139.6800,205.6800,122.1900,64.1300
139.6800,205.6800,122.1900,64.1300
139.6800,205.6800,122.1900,64.1300
139.6800,205.6800,122.1900,64.1300
139.6800,205.6800,122.1900,64.1300
139.6800,205.6800,122.1900,64.1300
139.6800,205.6800,122.1900,64.1300
139.6800,205.6800,122.1900,64.1300
139.6800,205.6800,122.1900,64.1300
139.6800,205.6800,122.1900,64.1300
139.6800,205.6800,122.1900,64.1300
139.6800,205.6800,122.1900,64.1300
139.6800,205.6800,122.1900,64.1300
139.6800,205.6800,122.1900,64.1300
139.6800,205.6800,122.1900,64.1300
139.6800,205.6800,122.1900,64.1300
139.6800,205.6800,122.1900,64.1300
2
0
0
0
0
1
239.2900,71.8250,95.7600,88.0850
239.2900,71.8250,95.7600,88.0850
239.2900,71.8250,95.7600,88.0850
239.2900,71.8250,95.7600,88.0850
239.2900,71.8250,95.7600,88.0850
239.2900,71.8250,95.7600,88.0850
239.2900,71.8250,95.7600,88.0850
239.2900,71.8250,95.7600,88.0850
2
0
0
0
0
1
267.8100,1.0007,47.5700,63.2863
267.8100,1.0007,47.5700,63.2863
267.8100,1.0007,47.5700,63.2863
267.8100,1.0007,47.5700,63.2863
267.8100,1.0007,47.5700,63.2863
267.8100,1.0007,47.5700,63.2863
267.8100,1.0007,47.5700,63.2863
267.8100,1.0007,47.5700,63.2863
267.8100,1.0007,47.5700,63.2863
267.8100,1.0007,47.5700,63.2863
267.8100,1.0007,47.5700,63.2863
267.8100,1.0007,47.5700,63.2863
267.8100,1.0007,47.5700,63.2863
267.8100,1.0007,47.5700,63.2863
267.8100,1.0007,47.5700,63.2863
267.8100,1.0007,47.5700,63.2863
267.8100,1.0007,47.5700,63.2863
267.8100,1.0007,47.5700,63.2863
267.8100,1.0007,47.5700,63.2863
267.8100,1.0007,47.5700,63.2863
267.8100,1.0007,47.5700,63.2863
267.8100,1.0007,47.5700,63.2863
267.8100,1.0007,47.5700,63.2863
267.8100,1.0007,47.5700,63.2863
267.8100,1.0007,47.5700,63.2863
267.8100,1.0007,47.5700,63.2863
267.8100,1.0007,47.5700,63.2863
267.8100,1.0007,47.5700,63.2863
267.8100,1.0007,47.5700,63.2863
267.8100,1.0007,47.5700,63.2863
267.8100,1.0007,47.5700,63.2863
267.8100,1.0007,47.5700,63.2863
267.8100,1.0007,47.5700,63.2863
267.8100,1.0007,47.5700,63.2863
267.8100,1.0007,47.5700,63.2863
267.8100,1.0007,47.5700,63.2863
267.8100,1.0007,47.5700,63.2863
267.8100,1.0007,47.5700,63.2863
267.8100,1.0007,47.5700,63.2863
267.8100,1.0007,47.5700,63.2863
267.8100,1.0007,47.5700,63.2863
267.8100,1.0007,47.5700,63.2863
267.8100,1.0007,47.5700,63.2863
267.8100,1.0007,47.5700,63.2863
267.8100,1.0007,47.5700,63.2863
267.8100,1.0007,47.5700,63.2863
267.8100,1.0007,47.5700,63.2863
267.8100,1.0007,47.5700,63.2863
267.8100,1.0007,47.5700,63.2863
267.8100,1.0007,47.5700,63.2863
267.8100,1.0007,47.5700,63.2863
267.8100,1.0007,47.5700,63.2863
267.8100,1.0007,47.5700,63.2863
267.8100,1.0007,47.5700,63.2863
267.8100,1.0007,47.5700,63.2863
267.8100,1.0007,47.5700,63.2863
267.8100,1.0007,47.5700,63.2863
267.8100,1.0007,47.5700,63.2863
267.8100,1.0007,47.5700,63.2863
267.8100,1.0007,47.5700,63.2863
267.8100,1.0007,47.5700,63.2863
267.8100,1.0007,47.5700,63.2863
267.8100,1.0007,47.5700,63.2863
267.8100,1.0007,47.5700,63.2863
267.8100,1.0007,47.5700,63.2863
267.8100,1.0007,47.5700,63.2863
2
0
0
0
0
1
298.1100,52.1190,63.9600,128.0510
298.1100,52.1190,63.9600,128.0510
298.1100,52.1190,63.9600,128.0510
298.1100,52.1190,63.9600,128.0510
298.1100,52.1190,63.9600,128.0510
298.1100,52.1190,63.9600,128.0510
298.1100,52.1190,63.9600,128.0510
298.1100,52.1190,63.9600,128.0510
298.1100,52.1190,63.9600,128.0510
298.1100,52.1190,63.9600,128.0510
298.1100,52.1190,63.9600,128.0510
298.1100,52.1190,63.9600,128.0510
298.1100,52.1190,63.9600,128.0510
