1
497.000000,403.000000,40.000000,42.000000
499.000000,390.000000,40.000000,42.000000
500.000000,379.000000,40.000000,42.000000
499.000000,373.000000,40.000000,42.000000
501.000000,370.000000,40.000000,42.000000
499.000000,371.000000,40.000000,42.000000
502.000000,372.000000,40.000000,42.000000
506.000000,376.000000,40.000000,42.000000
503.000000,383.000000,40.000000,42.000000
507.000000,390.000000,40.000000,42.000000
510.000000,406.000000,40.000000,42.000000
514.000000,426.000000,40.000000,42.000000
513.000000,420.000000,40.000000,42.000000
513.000000,398.000000,40.000000,42.000000
511.000000,377.000000,40.000000,42.000000
509.000000,358.000000,40.000000,42.000000
507.000000,339.000000,40.000000,42.000000
504.000000,324.000000,40.000000,42.000000
507.000000,311.000000,40.000000,42.000000
508.000000,306.000000,40.000000,42.000000
509.000000,301.000000,40.000000,42.000000
511.000000,296.000000,40.000000,42.000000
513.000000,303.000000,40.000000,42.000000
513.000000,307.000000,40.000000,42.000000
514.000000,316.000000,40.000000,42.000000
510.000000,327.000000,40.000000,42.000000
513.000000,338.000000,40.000000,42.000000
511.000000,348.000000,40.000000,42.000000
510.000000,370.000000,40.000000,42.000000
510.000000,397.000000,40.000000,42.000000
521.000000,426.000000,40.000000,42.000000
519.000000,432.000000,40.000000,42.000000
515.000000,408.000000,40.000000,42.000000
519.000000,388.000000,40.000000,42.000000
523.000000,370.000000,40.000000,42.000000
526.000000,355.000000,40.000000,42.000000
527.000000,343.000000,40.000000,42.000000
527.000000,335.000000,40.000000,42.000000
533.000000,327.000000,40.000000,42.000000
533.000000,325.000000,40.000000,42.000000
538.000000,329.000000,40.000000,42.000000
542.000000,331.000000,40.000000,42.000000
548.000000,340.000000,40.000000,42.000000
551.000000,346.000000,40.000000,42.000000
557.000000,360.000000,40.000000,42.000000
556.000000,379.000000,40.000000,42.000000
562.000000,399.000000,40.000000,42.000000
558.000000,375.000000,40.000000,42.000000
552.000000,349.000000,40.000000,42.000000
546.000000,323.000000,40.000000,42.000000
533.000000,302.000000,40.000000,42.000000
526.000000,285.000000,40.000000,42.000000
521.000000,268.000000,40.000000,42.000000
516.000000,257.000000,40.000000,42.000000
507.000000,248.000000,40.000000,42.000000
499.000000,240.000000,40.000000,42.000000
492.000000,238.000000,40.000000,42.000000
488.000000,234.000000,40.000000,42.000000
481.000000,239.000000,40.000000,42.000000
471.000000,244.000000,40.000000,42.000000
466.000000,259.000000,40.000000,42.000000
458.000000,273.000000,40.000000,42.000000
449.000000,289.000000,40.000000,42.000000
440.000000,308.000000,40.000000,42.000000
430.000000,332.000000,40.000000,42.000000
406.000000,339.000000,40.000000,42.000000
2
0
0
0
0
1
391.000000,334.000000,60.000000,61.000000
390.000000,334.000000,60.000000,61.000000
391.000000,337.000000,60.000000,61.000000
390.000000,338.000000,60.000000,61.000000
388.000000,342.000000,60.000000,61.000000
389.000000,351.000000,60.000000,61.000000
386.000000,363.000000,60.000000,61.000000
2
0
0
0
0
1
389.000000,395.000000,38.000000,43.000000
389.000000,380.000000,38.000000,43.000000
390.000000,372.000000,38.000000,43.000000
389.000000,369.000000,38.000000,43.000000
392.000000,367.000000,38.000000,43.000000
392.000000,367.000000,38.000000,43.000000
400.000000,371.000000,38.000000,43.000000
394.000000,378.000000,38.000000,43.000000
395.000000,386.000000,38.000000,43.000000
394.000000,400.000000,38.000000,43.000000
400.000000,420.000000,38.000000,43.000000
403.000000,441.000000,38.000000,43.000000
406.000000,454.000000,38.000000,43.000000
409.000000,428.000000,38.000000,43.000000
415.000000,406.000000,38.000000,43.000000
422.000000,387.000000,38.000000,43.000000
427.000000,366.000000,38.000000,43.000000
433.000000,352.000000,38.000000,43.000000
440.000000,340.000000,38.000000,43.000000
