0.000116,0.00014,1.7e-05,0,0,0,0,0,0,0,0,0,0,0,0
2.3726,1.7414,1.7155,0,0,0,0,0,0,0,0,0,0,0,0
0.003417,0.003351,0.003936,0,0,0,0,0,0,0,0,0,0,0,0
0.00343,0.003235,0.003848,0,0,0,0,0,0,0,0,0,0,0,0
0.003377,0.004681,0.003842,0,0,0,0,0,0,0,0,0,0,0,0
0.003216,0.004995,0.003691,0,0,0,0,0,0,0,0,0,0,0,0
0.00318,0.00481,0.003701,0,0,0,0,0,0,0,0,0,0,0,0
0.003206,0.004483,0.00367,0,0,0,0,0,0,0,0,0,0,0,0
0.003287,0.0046,0.00379,0,0,0,0,0,0,0,0,0,0,0,0
0.003163,0.00415,0.003549,0,0,0,0,0,0,0,0,0,0,0,0
0.003225,0.004137,0.003429,0,0,0,0,0,0,0,0,0,0,0,0
0.003299,0.00438,0.00357,0,0,0,0,0,0,0,0,0,0,0,0
0.003357,0.004168,0.003564,0,0,0,0,0,0,0,0,0,0,0,0
0.003155,0.004109,0.003439,0,0,0,0,0,0,0,0,0,0,0,0
0.003257,0.004075,0.003391,0,0,0,0,0,0,0,0,0,0,0,0
0.003107,0.00399,0.003457,0,0,0,0,0,0,0,0,0,0,0,0
0.003087,0.003854,0.003263,0,0,0,0,0,0,0,0,0,0,0,0
0.003081,0.00405,0.003279,0,0,0,0,0,0,0,0,0,0,0,0
0.003096,0.003957,0.00338,0,0,0,0,0,0,0,0,0,0,0,0
0.003008,0.003891,0.003368,0,0,0,0,0,0,0,0,0,0,0,0
0.003113,0.003938,0.003477,0,0,0,0,0,0,0,0,0,0,0,0
0.003125,0.003833,0.003317,0,0,0,0,0,0,0,0,0,0,0,0
0.003116,0.003677,0.003354,0,0,0,0,0,0,0,0,0,0,0,0
0.003171,0.003855,0.003465,0,0,0,0,0,0,0,0,0,0,0,0
0.003193,0.003759,0.00351,0,0,0,0,0,0,0,0,0,0,0,0
0.002984,0.003798,0.003429,0,0,0,0,0,0,0,0,0,0,0,0
0.00314,0.003986,0.003427,0,0,0,0,0,0,0,0,0,0,0,0
0.003133,0.003728,0.003439,0,0,0,0,0,0,0,0,0,0,0,0
0.003136,0.00362,0.0034,0,0,0,0,0,0,0,0,0,0,0,0
0.003087,0.003738,0.003389,0,0,0,0,0,0,0,0,0,0,0,0
0.003082,0.003667,0.003284,0,0,0,0,0,0,0,0,0,0,0,0
NaN,NaN,NaN,0,0,0,0,0,0,0,0,0,0,0,0
NaN,NaN,NaN,0,0,0,0,0,0,0,0,0,0,0,0
NaN,NaN,NaN,0,0,0,0,0,0,0,0,0,0,0,0
NaN,NaN,NaN,0,0,0,0,0,0,0,0,0,0,0,0
0.000123,0.000122,0.000119,0,0,0,0,0,0,0,0,0,0,0,0
1.7757,1.8134,1.661,0,0,0,0,0,0,0,0,0,0,0,0
0.004104,0.003924,0.00396,0,0,0,0,0,0,0,0,0,0,0,0
0.004083,0.003758,0.00371,0,0,0,0,0,0,0,0,0,0,0,0
0.003707,0.003677,0.003873,0,0,0,0,0,0,0,0,0,0,0,0
0.003657,0.003432,0.003485,0,0,0,0,0,0,0,0,0,0,0,0
0.003762,0.003513,0.003575,0,0,0,0,0,0,0,0,0,0,0,0
0.003602,0.003446,0.003503,0,0,0,0,0,0,0,0,0,0,0,0
0.00365,0.003433,0.003451,0,0,0,0,0,0,0,0,0,0,0,0
0.003635,0.003679,0.003241,0,0,0,0,0,0,0,0,0,0,0,0
0.003483,0.003651,0.003429,0,0,0,0,0,0,0,0,0,0,0,0
0.0032,0.003461,0.003312,0,0,0,0,0,0,0,0,0,0,0,0
0.00342,0.003464,0.003567,0,0,0,0,0,0,0,0,0,0,0,0
0.003282,0.003621,0.003336,0,0,0,0,0,0,0,0,0,0,0,0
0.003352,0.003438,0.003335,0,0,0,0,0,0,0,0,0,0,0,0
0.003354,0.00344,0.003332,0,0,0,0,0,0,0,0,0,0,0,0
0.003438,0.00354,0.003445,0,0,0,0,0,0,0,0,0,0,0,0
0.003354,0.003287,0.003109,0,0,0,0,0,0,0,0,0,0,0,0
0.00336,0.003229,0.003381,0,0,0,0,0,0,0,0,0,0,0,0
0.003253,0.003289,0.003147,0,0,0,0,0,0,0,0,0,0,0,0
0.003251,0.003513,0.003264,0,0,0,0,0,0,0,0,0,0,0,0
0.003332,0.003229,0.003041,0,0,0,0,0,0,0,0,0,0,0,0
0.003236,0.003355,0.003053,0,0,0,0,0,0,0,0,0,0,0,0
0.003327,0.003559,0.003087,0,0,0,0,0,0,0,0,0,0,0,0
0.003235,0.00343,0.003145,0,0,0,0,0,0,0,0,0,0,0,0
0.003248,0.003407,0.002923,0,0,0,0,0,0,0,0,0,0,0,0
0.003375,0.003212,0.002966,0,0,0,0,0,0,0,0,0,0,0,0
0.003411,0.003347,0.002904,0,0,0,0,0,0,0,0,0,0,0,0
0.003266,0.003175,0.002979,0,0,0,0,0,0,0,0,0,0,0,0
0.003079,0.003355,0.002731,0,0,0,0,0,0,0,0,0,0,0,0
0.00319,0.003334,0.002989,0,0,0,0,0,0,0,0,0,0,0,0
0.003189,0.003224,0.002805,0,0,0,0,0,0,0,0,0,0,0,0
0.003193,0.003294,0.002971,0,0,0,0,0,0,0,0,0,0,0,0
0.003388,0.003187,0.00278,0,0,0,0,0,0,0,0,0,0,0,0
0.003191,0.00334,0.002944,0,0,0,0,0,0,0,0,0,0,0,0
0.003018,0.003295,0.002777,0,0,0,0,0,0,0,0,0,0,0,0
0.0033,0.003382,0.002922,0,0,0,0,0,0,0,0,0,0,0,0
0.003235,0.003553,0.002931,0,0,0,0,0,0,0,0,0,0,0,0
0.003194,0.003403,0.002958,0,0,0,0,0,0,0,0,0,0,0,0
0.003313,0.003114,0.002832,0,0,0,0,0,0,0,0,0,0,0,0
0.003277,0.003145,0.003023,0,0,0,0,0,0,0,0,0,0,0,0
0.003117,0.003234,0.002814,0,0,0,0,0,0,0,0,0,0,0,0
0.003122,0.002994,0.003066,0,0,0,0,0,0,0,0,0,0,0,0
0.003248,0.003076,0.002864,0,0,0,0,0,0,0,0,0,0,0,0
0.003202,0.00309,0.002966,0,0,0,0,0,0,0,0,0,0,0,0
0.003059,0.003047,0.002775,0,0,0,0,0,0,0,0,0,0,0,0
0.003043,0.002944,0.002894,0,0,0,0,0,0,0,0,0,0,0,0
0.002991,0.002967,0.002724,0,0,0,0,0,0,0,0,0,0,0,0
0.003105,0.003154,0.002851,0,0,0,0,0,0,0,0,0,0,0,0
0.003103,0.003034,0.002631,0,0,0,0,0,0,0,0,0,0,0,0
0.002985,0.003134,0.002692,0,0,0,0,0,0,0,0,0,0,0,0
0.003105,0.002952,0.002642,0,0,0,0,0,0,0,0,0,0,0,0
0.003058,0.00294,0.002655,0,0,0,0,0,0,0,0,0,0,0,0
0.002974,0.002866,0.002595,0,0,0,0,0,0,0,0,0,0,0,0
0.002933,0.002918,0.002693,0,0,0,0,0,0,0,0,0,0,0,0
0.002899,0.003004,0.002538,0,0,0,0,0,0,0,0,0,0,0,0
0.003178,0.002804,0.00255,0,0,0,0,0,0,0,0,0,0,0,0
0.00319,0.002778,0.002478,0,0,0,0,0,0,0,0,0,0,0,0
0.002931,0.002802,0.00274,0,0,0,0,0,0,0,0,0,0,0,0
0.002999,0.002827,0.002566,0,0,0,0,0,0,0,0,0,0,0,0
0.003131,0.003008,0.002615,0,0,0,0,0,0,0,0,0,0,0,0
0.003125,0.00283,0.00261,0,0,0,0,0,0,0,0,0,0,0,0
0.003092,0.002855,0.002747,0,0,0,0,0,0,0,0,0,0,0,0
0.00304,0.002952,0.002593,0,0,0,0,0,0,0,0,0,0,0,0
0.003035,0.002947,0.00255,0,0,0,0,0,0,0,0,0,0,0,0
0.002991,0.002906,0.002369,0,0,0,0,0,0,0,0,0,0,0,0
0.003131,0.002975,0.002452,0,0,0,0,0,0,0,0,0,0,0,0
0.001969,0.002792,0.002403,0,0,0,0,0,0,0,0,0,0,0,0
0.001875,0.002809,0.002637,0,0,0,0,0,0,0,0,0,0,0,0
0.001812,0.002816,0.002407,0,0,0,0,0,0,0,0,0,0,0,0
0.001785,0.002748,0.002506,0,0,0,0,0,0,0,0,0,0,0,0
0.001786,0.002966,0.002586,0,0,0,0,0,0,0,0,0,0,0,0
0.001929,0.002833,0.002592,0,0,0,0,0,0,0,0,0,0,0,0
0.001936,0.003019,0.002399,0,0,0,0,0,0,0,0,0,0,0,0
0.001832,0.002952,0.002411,0,0,0,0,0,0,0,0,0,0,0,0
0.001945,0.002725,0.002532,0,0,0,0,0,0,0,0,0,0,0,0
0.001784,0.002787,0.002763,0,0,0,0,0,0,0,0,0,0,0,0
0.001768,0.002833,0.002494,0,0,0,0,0,0,0,0,0,0,0,0
NaN,NaN,NaN,0,0,0,0,0,0,0,0,0,0,0,0
NaN,NaN,NaN,0,0,0,0,0,0,0,0,0,0,0,0
NaN,NaN,NaN,0,0,0,0,0,0,0,0,0,0,0,0
NaN,NaN,NaN,0,0,0,0,0,0,0,0,0,0,0,0
0.00012,0.000125,0.000125,0,0,0,0,0,0,0,0,0,0,0,0
1.7341,1.7753,1.6754,0,0,0,0,0,0,0,0,0,0,0,0
0.005267,0.004574,0.004807,0,0,0,0,0,0,0,0,0,0,0,0
0.005233,0.004551,0.004683,0,0,0,0,0,0,0,0,0,0,0,0
0.021042,0.004348,0.004477,0,0,0,0,0,0,0,0,0,0,0,0
0.006807,0.004319,0.004173,0,0,0,0,0,0,0,0,0,0,0,0
0.006848,0.004124,0.004295,0,0,0,0,0,0,0,0,0,0,0,0
0.014674,0.004088,0.004102,0,0,0,0,0,0,0,0,0,0,0,0
0.009962,0.004316,0.003897,0,0,0,0,0,0,0,0,0,0,0,0
0.006271,0.00394,0.003817,0,0,0,0,0,0,0,0,0,0,0,0
0.006954,0.004014,0.00371,0,0,0,0,0,0,0,0,0,0,0,0
0.011807,0.003878,0.003719,0,0,0,0,0,0,0,0,0,0,0,0
0.006736,0.003629,0.003676,0,0,0,0,0,0,0,0,0,0,0,0
0.006901,0.003664,0.00347,0,0,0,0,0,0,0,0,0,0,0,0
0.018355,0.003781,0.003521,0,0,0,0,0,0,0,0,0,0,0,0
0.006574,0.003476,0.003516,0,0,0,0,0,0,0,0,0,0,0,0
0.006943,0.003618,0.003305,0,0,0,0,0,0,0,0,0,0,0,0
NaN,NaN,NaN,0,0,0,0,0,0,0,0,0,0,0,0
NaN,NaN,NaN,0,0,0,0,0,0,0,0,0,0,0,0
NaN,NaN,NaN,0,0,0,0,0,0,0,0,0,0,0,0
NaN,NaN,NaN,0,0,0,0,0,0,0,0,0,0,0,0
0.000127,0.000123,0.000136,0,0,0,0,0,0,0,0,0,0,0,0
1.8444,1.7102,1.6623,0,0,0,0,0,0,0,0,0,0,0,0
0.006686,0.004414,0.004596,0,0,0,0,0,0,0,0,0,0,0,0
0.006495,0.004169,0.00445,0,0,0,0,0,0,0,0,0,0,0,0
0.02921,0.004306,0.004181,0,0,0,0,0,0,0,0,0,0,0,0
0.008893,0.004152,0.004191,0,0,0,0,0,0,0,0,0,0,0,0
0.00519,0.003936,0.00422,0,0,0,0,0,0,0,0,0,0,0,0
0.018242,0.003898,0.004054,0,0,0,0,0,0,0,0,0,0,0,0
0.006925,0.003777,0.004043,0,0,0,0,0,0,0,0,0,0,0,0
0.00682,0.003824,0.003844,0,0,0,0,0,0,0,0,0,0,0,0
0.006651,0.003863,0.003698,0,0,0,0,0,0,0,0,0,0,0,0
0.009152,0.003593,0.003582,0,0,0,0,0,0,0,0,0,0,0,0
0.006956,0.003569,0.003529,0,0,0,0,0,0,0,0,0,0,0,0
0.006686,0.003688,0.003525,0,0,0,0,0,0,0,0,0,0,0,0
0.007166,0.00378,0.003547,0,0,0,0,0,0,0,0,0,0,0,0
0.004884,0.003789,0.003427,0,0,0,0,0,0,0,0,0,0,0,0
NaN,NaN,NaN,0,0,0,0,0,0,0,0,0,0,0,0
NaN,NaN,NaN,0,0,0,0,0,0,0,0,0,0,0,0
NaN,NaN,NaN,0,0,0,0,0,0,0,0,0,0,0,0
NaN,NaN,NaN,0,0,0,0,0,0,0,0,0,0,0,0
0.00012,0.000123,0.00012,0,0,0,0,0,0,0,0,0,0,0,0
1.8306,1.8163,1.7253,0,0,0,0,0,0,0,0,0,0,0,0
0.021416,0.003876,0.004847,0,0,0,0,0,0,0,0,0,0,0,0
0.006458,0.003688,0.004691,0,0,0,0,0,0,0,0,0,0,0,0
0.007005,0.003803,0.004447,0,0,0,0,0,0,0,0,0,0,0,0
0.005844,0.00366,0.004426,0,0,0,0,0,0,0,0,0,0,0,0
0.011701,0.003626,0.004504,0,0,0,0,0,0,0,0,0,0,0,0
0.006761,0.003658,0.00442,0,0,0,0,0,0,0,0,0,0,0,0
0.014807,0.003845,0.004467,0,0,0,0,0,0,0,0,0,0,0,0
0.012498,0.003786,0.004312,0,0,0,0,0,0,0,0,0,0,0,0
0.00671,0.003685,0.004215,0,0,0,0,0,0,0,0,0,0,0,0
0.006703,0.003751,0.00406,0,0,0,0,0,0,0,0,0,0,0,0
0.023169,0.003579,0.004149,0,0,0,0,0,0,0,0,0,0,0,0
0.007538,0.0037,0.004109,0,0,0,0,0,0,0,0,0,0,0,0
0.006681,0.003677,0.00407,0,0,0,0,0,0,0,0,0,0,0,0
0.006807,0.003678,0.004109,0,0,0,0,0,0,0,0,0,0,0,0
0.009351,0.003634,0.004087,0,0,0,0,0,0,0,0,0,0,0,0
0.006416,0.003704,0.004153,0,0,0,0,0,0,0,0,0,0,0,0
0.006915,0.003627,0.004106,0,0,0,0,0,0,0,0,0,0,0,0
NaN,NaN,NaN,0,0,0,0,0,0,0,0,0,0,0,0
NaN,NaN,NaN,0,0,0,0,0,0,0,0,0,0,0,0
NaN,NaN,NaN,0,0,0,0,0,0,0,0,0,0,0,0
NaN,NaN,NaN,0,0,0,0,0,0,0,0,0,0,0,0
0.000123,0.000123,0.000159,0,0,0,0,0,0,0,0,0,0,0,0
1.8505,1.6854,1.7096,0,0,0,0,0,0,0,0,0,0,0,0
0.006229,2.8e-05,0.004327,0,0,0,0,0,0,0,0,0,0,0,0
0.006961,0.004266,0.004108,0,0,0,0,0,0,0,0,0,0,0,0
0.02231,0.00417,0.003962,0,0,0,0,0,0,0,0,0,0,0,0
0.00683,0.004187,0.003953,0,0,0,0,0,0,0,0,0,0,0,0
0.00691,0.003976,0.004024,0,0,0,0,0,0,0,0,0,0,0,0
0.022827,0.003966,0.003711,0,0,0,0,0,0,0,0,0,0,0,0
0.011457,0.003793,0.003573,0,0,0,0,0,0,0,0,0,0,0,0
0.006785,0.003704,0.003576,0,0,0,0,0,0,0,0,0,0,0,0
0.006749,0.003795,0.0038,0,0,0,0,0,0,0,0,0,0,0,0
0.012645,0.003773,0.003636,0,0,0,0,0,0,0,0,0,0,0,0
0.010793,0.00353,0.003573,0,0,0,0,0,0,0,0,0,0,0,0
0.006459,0.003531,0.003674,0,0,0,0,0,0,0,0,0,0,0,0
0.006554,0.003384,0.003548,0,0,0,0,0,0,0,0,0,0,0,0
0.009745,0.003395,0.003552,0,0,0,0,0,0,0,0,0,0,0,0
0.006568,0.0034,0.003402,0,0,0,0,0,0,0,0,0,0,0,0
0.006985,0.00328,0.003407,0,0,0,0,0,0,0,0,0,0,0,0
0.014422,0.003164,0.003416,0,0,0,0,0,0,0,0,0,0,0,0
0.006658,0.003263,0.00341,0,0,0,0,0,0,0,0,0,0,0,0
0.006651,0.003254,0.003375,0,0,0,0,0,0,0,0,0,0,0,0
0.006775,0.00336,0.003442,0,0,0,0,0,0,0,0,0,0,0,0
0.009212,0.003215,0.003385,0,0,0,0,0,0,0,0,0,0,0,0
0.004413,0.003277,0.003312,0,0,0,0,0,0,0,0,0,0,0,0
0.005962,0.003301,0.003296,0,0,0,0,0,0,0,0,0,0,0,0
0.007011,0.00324,0.003393,0,0,0,0,0,0,0,0,0,0,0,0
0.006975,0.003148,0.003553,0,0,0,0,0,0,0,0,0,0,0,0
0.005314,0.003099,0.003324,0,0,0,0,0,0,0,0,0,0,0,0
0.006974,0.003123,0.003255,0,0,0,0,0,0,0,0,0,0,0,0
0.006838,0.003109,0.003429,0,0,0,0,0,0,0,0,0,0,0,0
0.006938,0.003024,0.003443,0,0,0,0,0,0,0,0,0,0,0,0
0.009376,0.003115,0.003371,0,0,0,0,0,0,0,0,0,0,0,0
0.006913,0.003,0.003375,0,0,0,0,0,0,0,0,0,0,0,0
0.006746,0.003171,0.003454,0,0,0,0,0,0,0,0,0,0,0,0
NaN,NaN,NaN,0,0,0,0,0,0,0,0,0,0,0,0
NaN,NaN,NaN,0,0,0,0,0,0,0,0,0,0,0,0
NaN,NaN,NaN,0,0,0,0,0,0,0,0,0,0,0,0
NaN,NaN,NaN,0,0,0,0,0,0,0,0,0,0,0,0
0.000123,0.000126,4.6e-05,0,0,0,0,0,0,0,0,0,0,0,0
1.8503,1.7336,1.7421,0,0,0,0,0,0,0,0,0,0,0,0
0.006764,0.005963,0.003974,0,0,0,0,0,0,0,0,0,0,0,0
0.006209,0.003834,0.003813,0,0,0,0,0,0,0,0,0,0,0,0
0.018973,0.00375,0.003984,0,0,0,0,0,0,0,0,0,0,0,0
0.007171,0.003816,0.003984,0,0,0,0,0,0,0,0,0,0,0,0
0.006604,0.003619,0.003783,0,0,0,0,0,0,0,0,0,0,0,0
0.021566,0.003535,0.003866,0,0,0,0,0,0,0,0,0,0,0,0
0.007222,0.003362,0.003781,0,0,0,0,0,0,0,0,0,0,0,0
0.007096,0.003599,0.003444,0,0,0,0,0,0,0,0,0,0,0,0
0.007132,0.003499,0.003634,0,0,0,0,0,0,0,0,0,0,0,0
0.007225,0.003586,0.003631,0,0,0,0,0,0,0,0,0,0,0,0
0.006653,0.003454,0.003482,0,0,0,0,0,0,0,0,0,0,0,0
0.009074,0.00353,0.003621,0,0,0,0,0,0,0,0,0,0,0,0
0.00723,0.003601,0.003711,0,0,0,0,0,0,0,0,0,0,0,0
0.007267,0.003623,0.003351,0,0,0,0,0,0,0,0,0,0,0,0
0.007373,0.003533,0.003486,0,0,0,0,0,0,0,0,0,0,0,0
0.007186,0.003582,0.003538,0,0,0,0,0,0,0,0,0,0,0,0
0.005616,0.003797,0.003322,0,0,0,0,0,0,0,0,0,0,0,0
0.00721,0.004741,0.003323,0,0,0,0,0,0,0,0,0,0,0,0
0.007198,0.004873,0.003273,0,0,0,0,0,0,0,0,0,0,0,0
0.006181,0.004592,0.003279,0,0,0,0,0,0,0,0,0,0,0,0
0.008511,0.004485,0.003285,0,0,0,0,0,0,0,0,0,0,0,0
0.006649,0.004389,0.003399,0,0,0,0,0,0,0,0,0,0,0,0
0.007035,0.00423,0.003232,0,0,0,0,0,0,0,0,0,0,0,0
0.011013,0.004118,0.003208,0,0,0,0,0,0,0,0,0,0,0,0
0.003971,0.004118,0.003273,0,0,0,0,0,0,0,0,0,0,0,0
0.003898,0.00409,0.003059,0,0,0,0,0,0,0,0,0,0,0,0
0.003856,0.004104,0.003072,0,0,0,0,0,0,0,0,0,0,0,0
0.010957,0.003816,0.003027,0,0,0,0,0,0,0,0,0,0,0,0
0.00722,0.00383,0.002966,0,0,0,0,0,0,0,0,0,0,0,0
0.00704,0.003856,0.003116,0,0,0,0,0,0,0,0,0,0,0,0
0.012001,0.003796,0.003021,0,0,0,0,0,0,0,0,0,0,0,0
0.003546,0.003772,0.003023,0,0,0,0,0,0,0,0,0,0,0,0
0.00348,0.003809,0.003102,0,0,0,0,0,0,0,0,0,0,0,0
0.003459,0.003817,0.003158,0,0,0,0,0,0,0,0,0,0,0,0
0.003444,0.003878,0.002917,0,0,0,0,0,0,0,0,0,0,0,0
0.015381,0.003791,0.003109,0,0,0,0,0,0,0,0,0,0,0,0
0.009106,0.003804,0.003031,0,0,0,0,0,0,0,0,0,0,0,0
0.007195,0.003837,0.002857,0,0,0,0,0,0,0,0,0,0,0,0
NaN,NaN,NaN,0,0,0,0,0,0,0,0,0,0,0,0
NaN,NaN,NaN,0,0,0,0,0,0,0,0,0,0,0,0
NaN,NaN,NaN,0,0,0,0,0,0,0,0,0,0,0,0
NaN,NaN,NaN,0,0,0,0,0,0,0,0,0,0,0,0
0.00012,0.000165,0.00012,0,0,0,0,0,0,0,0,0,0,0,0
1.923,1.6853,1.7511,0,0,0,0,0,0,0,0,0,0,0,0
0.006508,0.003596,0.004045,0,0,0,0,0,0,0,0,0,0,0,0
0.005607,0.003307,0.00387,0,0,0,0,0,0,0,0,0,0,0,0
0.021853,0.003275,0.003785,0,0,0,0,0,0,0,0,0,0,0,0
0.005572,0.003232,0.001747,0,0,0,0,0,0,0,0,0,0,0,0
0.007028,0.003303,0.001885,0,0,0,0,0,0,0,0,0,0,0,0
0.006927,0.003191,0.002899,0,0,0,0,0,0,0,0,0,0,0,0
0.020593,0.002938,0.002867,0,0,0,0,0,0,0,0,0,0,0,0
NaN,NaN,NaN,0,0,0,0,0,0,0,0,0,0,0,0
NaN,NaN,NaN,0,0,0,0,0,0,0,0,0,0,0,0
NaN,NaN,NaN,0,0,0,0,0,0,0,0,0,0,0,0
NaN,NaN,NaN,0,0,0,0,0,0,0,0,0,0,0,0
0.000123,4.4e-05,0.000124,0,0,0,0,0,0,0,0,0,0,0,0
1.8466,1.6903,1.7954,0,0,0,0,0,0,0,0,0,0,0,0
0.008272,0.001763,0.003121,0,0,0,0,0,0,0,0,0,0,0,0
0.024835,0.001843,0.00289,0,0,0,0,0,0,0,0,0,0,0,0
0.007045,0.001741,0.002804,0,0,0,0,0,0,0,0,0,0,0,0
0.006666,0.00182,0.002928,0,0,0,0,0,0,0,0,0,0,0,0
0.006924,0.00173,0.002852,0,0,0,0,0,0,0,0,0,0,0,0
0.024373,0.001808,0.002798,0,0,0,0,0,0,0,0,0,0,0,0
0.006816,0.001706,0.002898,0,0,0,0,0,0,0,0,0,0,0,0
0.007026,0.001735,0.002693,0,0,0,0,0,0,0,0,0,0,0,0
0.006896,0.001671,0.002676,0,0,0,0,0,0,0,0,0,0,0,0
0.012539,0.001714,0.002734,0,0,0,0,0,0,0,0,0,0,0,0
0.00652,0.001675,0.002706,0,0,0,0,0,0,0,0,0,0,0,0
0.006954,0.001743,0.00276,0,0,0,0,0,0,0,0,0,0,0,0
0.006873,0.001644,0.002767,0,0,0,0,0,0,0,0,0,0,0,0
0.01294,0.001802,0.002722,0,0,0,0,0,0,0,0,0,0,0,0
0.006201,0.001743,0.002663,0,0,0,0,0,0,0,0,0,0,0,0
0.007047,0.001714,0.002679,0,0,0,0,0,0,0,0,0,0,0,0
0.006395,0.001652,0.00264,0,0,0,0,0,0,0,0,0,0,0,0
0.011819,0.001719,0.002643,0,0,0,0,0,0,0,0,0,0,0,0
0.006977,0.001653,0.004716,0,0,0,0,0,0,0,0,0,0,0,0
0.006786,0.001709,0.004493,0,0,0,0,0,0,0,0,0,0,0,0
0.008636,0.001636,0.003008,0,0,0,0,0,0,0,0,0,0,0,0
0.006985,0.001692,0.003598,0,0,0,0,0,0,0,0,0,0,0,0
0.007216,0.00163,0.00343,0,0,0,0,0,0,0,0,0,0,0,0
0.007205,0.001734,0.003451,0,0,0,0,0,0,0,0,0,0,0,0
0.011938,0.001651,0.003182,0,0,0,0,0,0,0,0,0,0,0,0
0.011435,0.001695,0.003205,0,0,0,0,0,0,0,0,0,0,0,0
0.009113,0.001641,0.003196,0,0,0,0,0,0,0,0,0,0,0,0
0.007259,0.001734,0.003269,0,0,0,0,0,0,0,0,0,0,0,0
0.007924,0.001693,0.003091,0,0,0,0,0,0,0,0,0,0,0,0
0.007447,0.001715,0.003051,0,0,0,0,0,0,0,0,0,0,0,0
0.013761,0.001691,0.003195,0,0,0,0,0,0,0,0,0,0,0,0
0.006852,0.001736,0.003002,0,0,0,0,0,0,0,0,0,0,0,0
0.007134,0.001687,0.002915,0,0,0,0,0,0,0,0,0,0,0,0
0.011343,0.001686,0.002874,0,0,0,0,0,0,0,0,0,0,0,0
0.00724,0.00168,0.002802,0,0,0,0,0,0,0,0,0,0,0,0
0.007014,0.001699,0.002744,0,0,0,0,0,0,0,0,0,0,0,0
0.006921,0.001717,0.002871,0,0,0,0,0,0,0,0,0,0,0,0
0.005195,0.001734,0.002775,0,0,0,0,0,0,0,0,0,0,0,0
0.007268,0.001629,0.002649,0,0,0,0,0,0,0,0,0,0,0,0
0.007157,0.001677,0.002781,0,0,0,0,0,0,0,0,0,0,0,0
NaN,NaN,NaN,0,0,0,0,0,0,0,0,0,0,0,0
NaN,NaN,NaN,0,0,0,0,0,0,0,0,0,0,0,0
NaN,NaN,NaN,0,0,0,0,0,0,0,0,0,0,0,0
NaN,NaN,NaN,0,0,0,0,0,0,0,0,0,0,0,0
0.000118,0.000122,0.000122,0,0,0,0,0,0,0,0,0,0,0,0
1.832,1.7854,1.7342,0,0,0,0,0,0,0,0,0,0,0,0
0.023584,0.003312,0.004632,0,0,0,0,0,0,0,0,0,0,0,0
0.016771,0.003441,0.004452,0,0,0,0,0,0,0,0,0,0,0,0
0.006716,0.003403,0.00446,0,0,0,0,0,0,0,0,0,0,0,0
0.004314,0.003261,0.004295,0,0,0,0,0,0,0,0,0,0,0,0
0.004307,0.003449,0.00428,0,0,0,0,0,0,0,0,0,0,0,0
0.004288,0.003242,0.004298,0,0,0,0,0,0,0,0,0,0,0,0
0.004184,0.003078,0.004288,0,0,0,0,0,0,0,0,0,0,0,0
0.012409,0.00337,0.004201,0,0,0,0,0,0,0,0,0,0,0,0
0.011887,0.003242,0.004195,0,0,0,0,0,0,0,0,0,0,0,0
0.006688,0.003129,0.004006,0,0,0,0,0,0,0,0,0,0,0,0
0.007068,0.003272,0.003957,0,0,0,0,0,0,0,0,0,0,0,0
0.00991,0.002907,0.004381,0,0,0,0,0,0,0,0,0,0,0,0
0.007302,0.002912,0.004642,0,0,0,0,0,0,0,0,0,0,0,0
0.007067,0.003018,0.004419,0,0,0,0,0,0,0,0,0,0,0,0
0.003885,0.002966,0.00413,0,0,0,0,0,0,0,0,0,0,0,0
0.00526,0.002887,0.004241,0,0,0,0,0,0,0,0,0,0,0,0
0.007131,0.003193,0.004281,0,0,0,0,0,0,0,0,0,0,0,0
0.007134,0.003099,0.004104,0,0,0,0,0,0,0,0,0,0,0,0
NaN,NaN,NaN,0,0,0,0,0,0,0,0,0,0,0,0
NaN,NaN,NaN,0,0,0,0,0,0,0,0,0,0,0,0
NaN,NaN,NaN,0,0,0,0,0,0,0,0,0,0,0,0
NaN,NaN,NaN,0,0,0,0,0,0,0,0,0,0,0,0
0.000125,0.000119,0.000115,0,0,0,0,0,0,0,0,0,0,0,0
1.8533,1.7358,1.6856,0,0,0,0,0,0,0,0,0,0,0,0
0.006588,0.002742,0.002271,0,0,0,0,0,0,0,0,0,0,0,0
0.006737,0.002602,0.002207,0,0,0,0,0,0,0,0,0,0,0,0
0.013296,0.002615,0.002189,0,0,0,0,0,0,0,0,0,0,0,0
0.004849,0.002395,0.002244,0,0,0,0,0,0,0,0,0,0,0,0
0.005113,0.002514,0.002127,0,0,0,0,0,0,0,0,0,0,0,0
0.004926,0.002086,0.002129,0,0,0,0,0,0,0,0,0,0,0,0
0.011205,0.002148,0.002121,0,0,0,0,0,0,0,0,0,0,0,0
0.006855,0.002447,0.00214,0,0,0,0,0,0,0,0,0,0,0,0
0.006995,0.002183,0.00227,0,0,0,0,0,0,0,0,0,0,0,0
0.00701,0.00239,0.002063,0,0,0,0,0,0,0,0,0,0,0,0
0.004864,0.002212,0.002174,0,0,0,0,0,0,0,0,0,0,0,0
0.004604,0.002178,0.002039,0,0,0,0,0,0,0,0,0,0,0,0
0.004884,0.002322,0.002097,0,0,0,0,0,0,0,0,0,0,0,0
0.004536,0.00217,0.002094,0,0,0,0,0,0,0,0,0,0,0,0
0.004552,0.002274,0.001985,0,0,0,0,0,0,0,0,0,0,0,0
0.004535,0.002144,0.002059,0,0,0,0,0,0,0,0,0,0,0,0
0.004622,0.002095,0.002099,0,0,0,0,0,0,0,0,0,0,0,0
0.010081,0.002065,0.002212,0,0,0,0,0,0,0,0,0,0,0,0
