1
182.5600,18.8120,51.8800,40.3760
182.5600,18.8120,51.8800,40.3760
182.5600,18.8120,51.8800,40.3760
182.5600,18.8120,51.8800,40.3760
182.5600,18.8120,51.8800,40.3760
182.5600,18.8120,51.8800,40.3760
182.5600,18.8120,51.8800,40.3760
182.5600,18.8120,51.8800,40.3760
182.5600,18.8120,51.8800,40.3760
182.5600,18.8120,51.8800,40.3760
182.5600,18.8120,51.8800,40.3760
182.5600,18.8120,51.8800,40.3760
182.5600,18.8120,51.8800,40.3760
182.5600,18.8120,51.8800,40.3760
182.5600,18.8120,51.8800,40.3760
182.5600,18.8120,51.8800,40.3760
182.5600,18.8120,51.8800,40.3760
182.5600,18.8120,51.8800,40.3760
182.5600,18.8120,51.8800,40.3760
182.5600,18.8120,51.8800,40.3760
182.5600,18.8120,51.8800,40.3760
182.5600,18.8120,51.8800,40.3760
182.5600,18.8120,51.8800,40.3760
182.5600,18.8120,51.8800,40.3760
182.5600,18.8120,51.8800,40.3760
182.5600,18.8120,51.8800,40.3760
182.5600,18.8120,51.8800,40.3760
182.5600,18.8120,51.8800,40.3760
182.5600,18.8120,51.8800,40.3760
2
0
0
0
0
1
171.3800,59.4300,51.7900,34.5910
171.3800,59.4300,51.7900,34.5910
171.3800,59.4300,51.7900,34.5910
171.3800,59.4300,51.7900,34.5910
171.3800,59.4300,51.7900,34.5910
171.3800,59.4300,51.7900,34.5910
171.3800,59.4300,51.7900,34.5910
171.3800,59.4300,51.7900,34.5910
171.3800,59.4300,51.7900,34.5910
171.3800,59.4300,51.7900,34.5910
171.3800,59.4300,51.7900,34.5910
171.3800,59.4300,51.7900,34.5910
171.3800,59.4300,51.7900,34.5910
171.3800,59.4300,51.7900,34.5910
171.3800,59.4300,51.7900,34.5910
171.3800,59.4300,51.7900,34.5910
171.3800,59.4300,51.7900,34.5910
171.3800,59.4300,51.7900,34.5910
171.3800,59.4300,51.7900,34.5910
171.3800,59.4300,51.7900,34.5910
171.3800,59.4300,51.7900,34.5910
171.3800,59.4300,51.7900,34.5910
171.3800,59.4300,51.7900,34.5910
171.3800,59.4300,51.7900,34.5910
171.3800,59.4300,51.7900,34.5910
171.3800,59.4300,51.7900,34.5910
171.3800,59.4300,51.7900,34.5910
171.3800,59.4300,51.7900,34.5910
171.3800,59.4300,51.7900,34.5910
171.3800,59.4300,51.7900,34.5910
171.3800,59.4300,51.7900,34.5910
171.3800,59.4300,51.7900,34.5910
171.3800,59.4300,51.7900,34.5910
171.3800,59.4300,51.7900,34.5910
171.3800,59.4300,51.7900,34.5910
171.3800,59.4300,51.7900,34.5910
171.3800,59.4300,51.7900,34.5910
171.3800,59.4300,51.7900,34.5910
171.3800,59.4300,51.7900,34.5910
171.3800,59.4300,51.7900,34.5910
171.3800,59.4300,51.7900,34.5910
171.3800,59.4300,51.7900,34.5910
171.3800,59.4300,51.7900,34.5910
171.3800,59.4300,51.7900,34.5910
171.3800,59.4300,51.7900,34.5910
171.3800,59.4300,51.7900,34.5910
171.3800,59.4300,51.7900,34.5910
171.3800,59.4300,51.7900,34.5910
171.3800,59.4300,51.7900,34.5910
171.3800,59.4300,51.7900,34.5910
171.3800,59.4300,51.7900,34.5910
171.3800,59.4300,51.7900,34.5910
171.3800,59.4300,51.7900,34.5910
171.3800,59.4300,51.7900,34.5910
171.3800,59.4300,51.7900,34.5910
171.3800,59.4300,51.7900,34.5910
171.3800,59.4300,51.7900,34.5910
171.3800,59.4300,51.7900,34.5910
171.3800,59.4300,51.7900,34.5910
171.3800,59.4300,51.7900,34.5910
171.3800,59.4300,51.7900,34.5910
171.3800,59.4300,51.7900,34.5910
171.3800,59.4300,51.7900,34.5910
171.3800,59.4300,51.7900,34.5910
171.3800,59.4300,51.7900,34.5910
171.3800,59.4300,51.7900,34.5910
171.3800,59.4300,51.7900,34.5910
171.3800,59.4300,51.7900,34.5910
171.3800,59.4300,51.7900,34.5910
171.3800,59.4300,51.7900,34.5910
171.3800,59.4300,51.7900,34.5910
171.3800,59.4300,51.7900,34.5910
171.3800,59.4300,51.7900,34.5910
171.3800,59.4300,51.7900,34.5910
171.3800,59.4300,51.7900,34.5910
171.3800,59.4300,51.7900,34.5910
2
0
0
0
0
1
214.1600,18.2100,16.3400,39.5210
214.1600,18.2100,16.3400,39.5210
214.1600,18.2100,16.3400,39.5210
214.1600,18.2100,16.3400,39.5210
214.1600,18.2100,16.3400,39.5210
214.1600,18.2100,16.3400,39.5210
214.1600,18.2100,16.3400,39.5210
214.1600,18.2100,16.3400,39.5210
214.1600,18.2100,16.3400,39.5210
214.1600,18.2100,16.3400,39.5210
214.1600,18.2100,16.3400,39.5210
214.1600,18.2100,16.3400,39.5210
214.1600,18.2100,16.3400,39.5210
214.1600,18.2100,16.3400,39.5210
214.1600,18.2100,16.3400,39.5210
2
0
0
0
0
1
233.1300,16.3990,16.3900,44.1850
233.1300,16.3990,16.3900,44.1850
233.1300,16.3990,16.3900,44.1850
233.1300,16.3990,16.3900,44.1850
233.1300,16.3990,16.3900,44.1850
233.1300,16.3990,16.3900,44.1850
233.1300,16.3990,16.3900,44.1850
233.1300,16.3990,16.3900,44.1850
233.1300,16.3990,16.3900,44.1850
233.1300,16.3990,16.3900,44.1850
233.1300,16.3990,16.3900,44.1850
233.1300,16.3990,16.3900,44.1850
233.1300,16.3990,16.3900,44.1850
233.1300,16.3990,16.3900,44.1850
2
0
0
0
0
1
243.7200,90.9500,21.3000,62.1500
243.7200,90.9500,21.3000,62.1500
243.7200,90.9500,21.3000,62.1500
243.7200,90.9500,21.3000,62.1500
243.7200,90.9500,21.3000,62.1500
243.7200,90.9500,21.3000,62.1500
243.7200,90.9500,21.3000,62.1500
243.7200,90.9500,21.3000,62.1500
243.7200,90.9500,21.3000,62.1500
243.7200,90.9500,21.3000,62.1500
243.7200,90.9500,21.3000,62.1500
243.7200,90.9500,21.3000,62.1500
243.7200,90.9500,21.3000,62.1500
243.7200,90.9500,21.3000,62.1500
243.7200,90.9500,21.3000,62.1500
243.7200,90.9500,21.3000,62.1500
243.7200,90.9500,21.3000,62.1500
2
0
0
0
0
1
209.8300,148.4300,37.3800,59.4500
209.8300,148.4300,37.3800,59.4500
209.8300,148.4300,37.3800,59.4500
209.8300,148.4300,37.3800,59.4500
209.8300,148.4300,37.3800,59.4500
209.8300,148.4300,37.3800,59.4500
209.8300,148.4300,37.3800,59.4500
209.8300,148.4300,37.3800,59.4500
209.8300,148.4300,37.3800,59.4500
209.8300,148.4300,37.3800,59.4500
209.8300,148.4300,37.3800,59.4500
209.8300,148.4300,37.3800,59.4500
209.8300,148.4300,37.3800,59.4500
209.8300,148.4300,37.3800,59.4500
209.8300,148.4300,37.3800,59.4500
209.8300,148.4300,37.3800,59.4500
209.8300,148.4300,37.3800,59.4500
209.8300,148.4300,37.3800,59.4500
209.8300,148.4300,37.3800,59.4500
209.8300,148.4300,37.3800,59.4500
209.8300,148.4300,37.3800,59.4500
209.8300,148.4300,37.3800,59.4500
209.8300,148.4300,37.3800,59.4500
209.8300,148.4300,37.3800,59.4500
209.8300,148.4300,37.3800,59.4500
209.8300,148.4300,37.3800,59.4500
209.8300,148.4300,37.3800,59.4500
209.8300,148.4300,37.3800,59.4500
209.8300,148.4300,37.3800,59.4500
209.8300,148.4300,37.3800,59.4500
209.8300,148.4300,37.3800,59.4500
209.8300,148.4300,37.3800,59.4500
2
0
0
0
0
1
130.0600,210.8700,73.5400,47.4500
130.0600,210.8700,73.5400,47.4500
130.0600,210.8700,73.5400,47.4500
130.0600,210.8700,73.5400,47.4500
130.0600,210.8700,73.5400,47.4500
130.0600,210.8700,73.5400,47.4500
130.0600,210.8700,73.5400,47.4500
130.0600,210.8700,73.5400,47.4500
130.0600,210.8700,73.5400,47.4500
130.0600,210.8700,73.5400,47.4500
130.0600,210.8700,73.5400,47.4500
130.0600,210.8700,73.5400,47.4500
130.0600,210.8700,73.5400,47.4500
130.0600,210.8700,73.5400,47.4500
130.0600,210.8700,73.5400,47.4500
130.0600,210.8700,73.5400,47.4500
130.0600,210.8700,73.5400,47.4500
130.0600,210.8700,73.5400,47.4500
130.0600,210.8700,73.5400,47.4500
130.0600,210.8700,73.5400,47.4500
130.0600,210.8700,73.5400,47.4500
130.0600,210.8700,73.5400,47.4500
130.0600,210.8700,73.5400,47.4500
130.0600,210.8700,73.5400,47.4500
130.0600,210.8700,73.5400,47.4500
130.0600,210.8700,73.5400,47.4500
130.0600,210.8700,73.5400,47.4500
130.0600,210.8700,73.5400,47.4500
130.0600,210.8700,73.5400,47.4500
130.0600,210.8700,73.5400,47.4500
130.0600,210.8700,73.5400,47.4500
130.0600,210.8700,73.5400,47.4500
130.0600,210.8700,73.5400,47.4500
130.0600,210.8700,73.5400,47.4500
130.0600,210.8700,73.5400,47.4500
130.0600,210.8700,73.5400,47.4500
130.0600,210.8700,73.5400,47.4500
130.0600,210.8700,73.5400,47.4500
2
0
0
0
0
1
78.2200,224.7900,49.5600,57.4200
78.2200,224.7900,49.5600,57.4200
78.2200,224.7900,49.5600,57.4200
78.2200,224.7900,49.5600,57.4200
78.2200,224.7900,49.5600,57.4200
78.2200,224.7900,49.5600,57.4200
78.2200,224.7900,49.5600,57.4200
2
0
0
0
0
1
143.4600,228.2500,69.1800,38.5500
143.4600,228.2500,69.1800,38.5500
143.4600,228.2500,69.1800,38.5500
143.4600,228.2500,69.1800,38.5500
143.4600,228.2500,69.1800,38.5500
143.4600,228.2500,69.1800,38.5500
143.4600,228.2500,69.1800,38.5500
143.4600,228.2500,69.1800,38.5500
143.4600,228.2500,69.1800,38.5500
143.4600,228.2500,69.1800,38.5500
143.4600,228.2500,69.1800,38.5500
143.4600,228.2500,69.1800,38.5500
143.4600,228.2500,69.1800,38.5500
143.4600,228.2500,69.1800,38.5500
143.4600,228.2500,69.1800,38.5500
143.4600,228.2500,69.1800,38.5500
143.4600,228.2500,69.1800,38.5500
143.4600,228.2500,69.1800,38.5500
143.4600,228.2500,69.1800,38.5500
143.4600,228.2500,69.1800,38.5500
143.4600,228.2500,69.1800,38.5500
143.4600,228.2500,69.1800,38.5500
143.4600,228.2500,69.1800,38.5500
143.4600,228.2500,69.1800,38.5500
143.4600,228.2500,69.1800,38.5500
143.4600,228.2500,69.1800,38.5500
143.4600,228.2500,69.1800,38.5500
143.4600,228.2500,69.1800,38.5500
143.4600,228.2500,69.1800,38.5500
143.4600,228.2500,69.1800,38.5500
143.4600,228.2500,69.1800,38.5500
143.4600,228.2500,69.1800,38.5500
143.4600,228.2500,69.1800,38.5500
143.4600,228.2500,69.1800,38.5500
143.4600,228.2500,69.1800,38.5500
143.4600,228.2500,69.1800,38.5500
143.4600,228.2500,69.1800,38.5500
143.4600,228.2500,69.1800,38.5500
143.4600,228.2500,69.1800,38.5500
143.4600,228.2500,69.1800,38.5500
2
0
0
0
0
1
226.0200,176.9100,74.7800,72.3300
226.0200,176.9100,74.7800,72.3300
226.0200,176.9100,74.7800,72.3300
226.0200,176.9100,74.7800,72.3300
226.0200,176.9100,74.7800,72.3300
226.0200,176.9100,74.7800,72.3300
226.0200,176.9100,74.7800,72.3300
226.0200,176.9100,74.7800,72.3300
226.0200,176.9100,74.7800,72.3300
226.0200,176.9100,74.7800,72.3300
226.0200,176.9100,74.7800,72.3300
226.0200,176.9100,74.7800,72.3300
226.0200,176.9100,74.7800,72.3300
226.0200,176.9100,74.7800,72.3300
226.0200,176.9100,74.7800,72.3300
226.0200,176.9100,74.7800,72.3300
226.0200,176.9100,74.7800,72.3300
226.0200,176.9100,74.7800,72.3300
2
0
0
0
0
1
331.2100,119.9400,96.0400,82.0600
331.2100,119.9400,96.0400,82.0600
331.2100,119.9400,96.0400,82.0600
331.2100,119.9400,96.0400,82.0600
331.2100,119.9400,96.0400,82.0600
331.2100,119.9400,96.0400,82.0600
331.2100,119.9400,96.0400,82.0600
331.2100,119.9400,96.0400,82.0600
331.2100,119.9400,96.0400,82.0600
331.2100,119.9400,96.0400,82.0600
331.2100,119.9400,96.0400,82.0600
331.2100,119.9400,96.0400,82.0600
331.2100,119.9400,96.0400,82.0600
331.2100,119.9400,96.0400,82.0600
331.2100,119.9400,96.0400,82.0600
331.2100,119.9400,96.0400,82.0600
331.2100,119.9400,96.0400,82.0600
331.2100,119.9400,96.0400,82.0600
331.2100,119.9400,96.0400,82.0600
