0.000141,0,0,0,0,0,0,0,0,0,0,0,0,0,0
1.7962,0,0,0,0,0,0,0,0,0,0,0,0,0,0
0.062309,0,0,0,0,0,0,0,0,0,0,0,0,0,0
0.056863,0,0,0,0,0,0,0,0,0,0,0,0,0,0
0.048357,0,0,0,0,0,0,0,0,0,0,0,0,0,0
0.056559,0,0,0,0,0,0,0,0,0,0,0,0,0,0
0.083188,0,0,0,0,0,0,0,0,0,0,0,0,0,0
0.061414,0,0,0,0,0,0,0,0,0,0,0,0,0,0
0.066089,0,0,0,0,0,0,0,0,0,0,0,0,0,0
0.04893,0,0,0,0,0,0,0,0,0,0,0,0,0,0
0.071783,0,0,0,0,0,0,0,0,0,0,0,0,0,0
0.049229,0,0,0,0,0,0,0,0,0,0,0,0,0,0
0.081877,0,0,0,0,0,0,0,0,0,0,0,0,0,0
0.073621,0,0,0,0,0,0,0,0,0,0,0,0,0,0
0.079791,0,0,0,0,0,0,0,0,0,0,0,0,0,0
0.082282,0,0,0,0,0,0,0,0,0,0,0,0,0,0
0.084989,0,0,0,0,0,0,0,0,0,0,0,0,0,0
0.07751,0,0,0,0,0,0,0,0,0,0,0,0,0,0
0.069319,0,0,0,0,0,0,0,0,0,0,0,0,0,0
0.075218,0,0,0,0,0,0,0,0,0,0,0,0,0,0
0.086247,0,0,0,0,0,0,0,0,0,0,0,0,0,0
0.061201,0,0,0,0,0,0,0,0,0,0,0,0,0,0
0.071124,0,0,0,0,0,0,0,0,0,0,0,0,0,0
0.051114,0,0,0,0,0,0,0,0,0,0,0,0,0,0
0.080601,0,0,0,0,0,0,0,0,0,0,0,0,0,0
0.082209,0,0,0,0,0,0,0,0,0,0,0,0,0,0
0.094404,0,0,0,0,0,0,0,0,0,0,0,0,0,0
0.073508,0,0,0,0,0,0,0,0,0,0,0,0,0,0
0.068442,0,0,0,0,0,0,0,0,0,0,0,0,0,0
0.060765,0,0,0,0,0,0,0,0,0,0,0,0,0,0
0.051474,0,0,0,0,0,0,0,0,0,0,0,0,0,0
0.055346,0,0,0,0,0,0,0,0,0,0,0,0,0,0
0.079311,0,0,0,0,0,0,0,0,0,0,0,0,0,0
0.079849,0,0,0,0,0,0,0,0,0,0,0,0,0,0
0.12847,0,0,0,0,0,0,0,0,0,0,0,0,0,0
0.075623,0,0,0,0,0,0,0,0,0,0,0,0,0,0
0.084413,0,0,0,0,0,0,0,0,0,0,0,0,0,0
0.076471,0,0,0,0,0,0,0,0,0,0,0,0,0,0
0.10058,0,0,0,0,0,0,0,0,0,0,0,0,0,0
0.082957,0,0,0,0,0,0,0,0,0,0,0,0,0,0
0.087014,0,0,0,0,0,0,0,0,0,0,0,0,0,0
0.089279,0,0,0,0,0,0,0,0,0,0,0,0,0,0
0.073062,0,0,0,0,0,0,0,0,0,0,0,0,0,0
0.052987,0,0,0,0,0,0,0,0,0,0,0,0,0,0
0.057315,0,0,0,0,0,0,0,0,0,0,0,0,0,0
0.046904,0,0,0,0,0,0,0,0,0,0,0,0,0,0
0.069378,0,0,0,0,0,0,0,0,0,0,0,0,0,0
0.046542,0,0,0,0,0,0,0,0,0,0,0,0,0,0
0.077625,0,0,0,0,0,0,0,0,0,0,0,0,0,0
0.069703,0,0,0,0,0,0,0,0,0,0,0,0,0,0
0.080117,0,0,0,0,0,0,0,0,0,0,0,0,0,0
0.085143,0,0,0,0,0,0,0,0,0,0,0,0,0,0
0.080553,0,0,0,0,0,0,0,0,0,0,0,0,0,0
0.061199,0,0,0,0,0,0,0,0,0,0,0,0,0,0
0.059589,0,0,0,0,0,0,0,0,0,0,0,0,0,0
0.076558,0,0,0,0,0,0,0,0,0,0,0,0,0,0
0.084499,0,0,0,0,0,0,0,0,0,0,0,0,0,0
0.058392,0,0,0,0,0,0,0,0,0,0,0,0,0,0
0.057328,0,0,0,0,0,0,0,0,0,0,0,0,0,0
0.057015,0,0,0,0,0,0,0,0,0,0,0,0,0,0
0.05185,0,0,0,0,0,0,0,0,0,0,0,0,0,0
0.051533,0,0,0,0,0,0,0,0,0,0,0,0,0,0
0.046548,0,0,0,0,0,0,0,0,0,0,0,0,0,0
0.048066,0,0,0,0,0,0,0,0,0,0,0,0,0,0
0.044609,0,0,0,0,0,0,0,0,0,0,0,0,0,0
0.044418,0,0,0,0,0,0,0,0,0,0,0,0,0,0
0.04821,0,0,0,0,0,0,0,0,0,0,0,0,0,0
0.044076,0,0,0,0,0,0,0,0,0,0,0,0,0,0
0.055426,0,0,0,0,0,0,0,0,0,0,0,0,0,0
0.043975,0,0,0,0,0,0,0,0,0,0,0,0,0,0
0.050949,0,0,0,0,0,0,0,0,0,0,0,0,0,0
0.041985,0,0,0,0,0,0,0,0,0,0,0,0,0,0
0.048868,0,0,0,0,0,0,0,0,0,0,0,0,0,0
0.043856,0,0,0,0,0,0,0,0,0,0,0,0,0,0
0.045205,0,0,0,0,0,0,0,0,0,0,0,0,0,0
0.044055,0,0,0,0,0,0,0,0,0,0,0,0,0,0
0.046423,0,0,0,0,0,0,0,0,0,0,0,0,0,0
0.044367,0,0,0,0,0,0,0,0,0,0,0,0,0,0
0.046143,0,0,0,0,0,0,0,0,0,0,0,0,0,0
0.052878,0,0,0,0,0,0,0,0,0,0,0,0,0,0
0.075001,0,0,0,0,0,0,0,0,0,0,0,0,0,0
0.079679,0,0,0,0,0,0,0,0,0,0,0,0,0,0
0.081507,0,0,0,0,0,0,0,0,0,0,0,0,0,0
0.068389,0,0,0,0,0,0,0,0,0,0,0,0,0,0
0.055915,0,0,0,0,0,0,0,0,0,0,0,0,0,0
0.047351,0,0,0,0,0,0,0,0,0,0,0,0,0,0
0.07657,0,0,0,0,0,0,0,0,0,0,0,0,0,0
NaN,0,0,0,0,0,0,0,0,0,0,0,0,0,0
NaN,0,0,0,0,0,0,0,0,0,0,0,0,0,0
NaN,0,0,0,0,0,0,0,0,0,0,0,0,0,0
NaN,0,0,0,0,0,0,0,0,0,0,0,0,0,0
0.000121,0,0,0,0,0,0,0,0,0,0,0,0,0,0
1.8475,0,0,0,0,0,0,0,0,0,0,0,0,0,0
0.053895,0,0,0,0,0,0,0,0,0,0,0,0,0,0
0.055846,0,0,0,0,0,0,0,0,0,0,0,0,0,0
0.056345,0,0,0,0,0,0,0,0,0,0,0,0,0,0
0.046741,0,0,0,0,0,0,0,0,0,0,0,0,0,0
0.049945,0,0,0,0,0,0,0,0,0,0,0,0,0,0
0.036868,0,0,0,0,0,0,0,0,0,0,0,0,0,0
0.047148,0,0,0,0,0,0,0,0,0,0,0,0,0,0
0.034115,0,0,0,0,0,0,0,0,0,0,0,0,0,0
0.064461,0,0,0,0,0,0,0,0,0,0,0,0,0,0
0.04816,0,0,0,0,0,0,0,0,0,0,0,0,0,0
0.058829,0,0,0,0,0,0,0,0,0,0,0,0,0,0
0.045476,0,0,0,0,0,0,0,0,0,0,0,0,0,0
0.056516,0,0,0,0,0,0,0,0,0,0,0,0,0,0
0.047533,0,0,0,0,0,0,0,0,0,0,0,0,0,0
0.063073,0,0,0,0,0,0,0,0,0,0,0,0,0,0
0.056332,0,0,0,0,0,0,0,0,0,0,0,0,0,0
0.060357,0,0,0,0,0,0,0,0,0,0,0,0,0,0
0.05434,0,0,0,0,0,0,0,0,0,0,0,0,0,0
0.061344,0,0,0,0,0,0,0,0,0,0,0,0,0,0
0.054496,0,0,0,0,0,0,0,0,0,0,0,0,0,0
0.059951,0,0,0,0,0,0,0,0,0,0,0,0,0,0
0.054904,0,0,0,0,0,0,0,0,0,0,0,0,0,0
0.052789,0,0,0,0,0,0,0,0,0,0,0,0,0,0
0.054267,0,0,0,0,0,0,0,0,0,0,0,0,0,0
0.051364,0,0,0,0,0,0,0,0,0,0,0,0,0,0
0.048726,0,0,0,0,0,0,0,0,0,0,0,0,0,0
0.041117,0,0,0,0,0,0,0,0,0,0,0,0,0,0
0.042375,0,0,0,0,0,0,0,0,0,0,0,0,0,0
0.03753,0,0,0,0,0,0,0,0,0,0,0,0,0,0
0.032693,0,0,0,0,0,0,0,0,0,0,0,0,0,0
0.057804,0,0,0,0,0,0,0,0,0,0,0,0,0,0
0.049586,0,0,0,0,0,0,0,0,0,0,0,0,0,0
0.050253,0,0,0,0,0,0,0,0,0,0,0,0,0,0
0.039399,0,0,0,0,0,0,0,0,0,0,0,0,0,0
0.05478,0,0,0,0,0,0,0,0,0,0,0,0,0,0
0.059308,0,0,0,0,0,0,0,0,0,0,0,0,0,0
0.053695,0,0,0,0,0,0,0,0,0,0,0,0,0,0
0.051952,0,0,0,0,0,0,0,0,0,0,0,0,0,0
0.042812,0,0,0,0,0,0,0,0,0,0,0,0,0,0
0.053324,0,0,0,0,0,0,0,0,0,0,0,0,0,0
0.056322,0,0,0,0,0,0,0,0,0,0,0,0,0,0
0.041289,0,0,0,0,0,0,0,0,0,0,0,0,0,0
0.057434,0,0,0,0,0,0,0,0,0,0,0,0,0,0
0.047409,0,0,0,0,0,0,0,0,0,0,0,0,0,0
0.04954,0,0,0,0,0,0,0,0,0,0,0,0,0,0
0.056342,0,0,0,0,0,0,0,0,0,0,0,0,0,0
0.063029,0,0,0,0,0,0,0,0,0,0,0,0,0,0
0.080681,0,0,0,0,0,0,0,0,0,0,0,0,0,0
0.062548,0,0,0,0,0,0,0,0,0,0,0,0,0,0
0.04793,0,0,0,0,0,0,0,0,0,0,0,0,0,0
0.068695,0,0,0,0,0,0,0,0,0,0,0,0,0,0
0.071754,0,0,0,0,0,0,0,0,0,0,0,0,0,0
0.071651,0,0,0,0,0,0,0,0,0,0,0,0,0,0
0.05653,0,0,0,0,0,0,0,0,0,0,0,0,0,0
0.059724,0,0,0,0,0,0,0,0,0,0,0,0,0,0
0.043702,0,0,0,0,0,0,0,0,0,0,0,0,0,0
0.054978,0,0,0,0,0,0,0,0,0,0,0,0,0,0
0.043632,0,0,0,0,0,0,0,0,0,0,0,0,0,0
0.054841,0,0,0,0,0,0,0,0,0,0,0,0,0,0
0.060464,0,0,0,0,0,0,0,0,0,0,0,0,0,0
0.060226,0,0,0,0,0,0,0,0,0,0,0,0,0,0
0.058538,0,0,0,0,0,0,0,0,0,0,0,0,0,0
0.065515,0,0,0,0,0,0,0,0,0,0,0,0,0,0
0.04979,0,0,0,0,0,0,0,0,0,0,0,0,0,0
0.04171,0,0,0,0,0,0,0,0,0,0,0,0,0,0
0.040699,0,0,0,0,0,0,0,0,0,0,0,0,0,0
0.037651,0,0,0,0,0,0,0,0,0,0,0,0,0,0
0.039534,0,0,0,0,0,0,0,0,0,0,0,0,0,0
0.036304,0,0,0,0,0,0,0,0,0,0,0,0,0,0
0.031342,0,0,0,0,0,0,0,0,0,0,0,0,0,0
0.04098,0,0,0,0,0,0,0,0,0,0,0,0,0,0
0.046117,0,0,0,0,0,0,0,0,0,0,0,0,0,0
0.045266,0,0,0,0,0,0,0,0,0,0,0,0,0,0
0.045278,0,0,0,0,0,0,0,0,0,0,0,0,0,0
0.04032,0,0,0,0,0,0,0,0,0,0,0,0,0,0
0.041468,0,0,0,0,0,0,0,0,0,0,0,0,0,0
0.040183,0,0,0,0,0,0,0,0,0,0,0,0,0,0
0.037818,0,0,0,0,0,0,0,0,0,0,0,0,0,0
0.061826,0,0,0,0,0,0,0,0,0,0,0,0,0,0
0.045412,0,0,0,0,0,0,0,0,0,0,0,0,0,0
0.062621,0,0,0,0,0,0,0,0,0,0,0,0,0,0
0.038335,0,0,0,0,0,0,0,0,0,0,0,0,0,0
0.062646,0,0,0,0,0,0,0,0,0,0,0,0,0,0
0.052821,0,0,0,0,0,0,0,0,0,0,0,0,0,0
0.051932,0,0,0,0,0,0,0,0,0,0,0,0,0,0
0.040572,0,0,0,0,0,0,0,0,0,0,0,0,0,0
0.048207,0,0,0,0,0,0,0,0,0,0,0,0,0,0
0.043958,0,0,0,0,0,0,0,0,0,0,0,0,0,0
0.037002,0,0,0,0,0,0,0,0,0,0,0,0,0,0
0.040394,0,0,0,0,0,0,0,0,0,0,0,0,0,0
0.034054,0,0,0,0,0,0,0,0,0,0,0,0,0,0
0.036277,0,0,0,0,0,0,0,0,0,0,0,0,0,0
0.04036,0,0,0,0,0,0,0,0,0,0,0,0,0,0
0.054047,0,0,0,0,0,0,0,0,0,0,0,0,0,0
0.047378,0,0,0,0,0,0,0,0,0,0,0,0,0,0
0.038591,0,0,0,0,0,0,0,0,0,0,0,0,0,0
0.044259,0,0,0,0,0,0,0,0,0,0,0,0,0,0
0.035726,0,0,0,0,0,0,0,0,0,0,0,0,0,0
0.039613,0,0,0,0,0,0,0,0,0,0,0,0,0,0
0.039158,0,0,0,0,0,0,0,0,0,0,0,0,0,0
0.053057,0,0,0,0,0,0,0,0,0,0,0,0,0,0
0.055686,0,0,0,0,0,0,0,0,0,0,0,0,0,0
0.056689,0,0,0,0,0,0,0,0,0,0,0,0,0,0
0.060111,0,0,0,0,0,0,0,0,0,0,0,0,0,0
0.057043,0,0,0,0,0,0,0,0,0,0,0,0,0,0
0.04236,0,0,0,0,0,0,0,0,0,0,0,0,0,0
0.062975,0,0,0,0,0,0,0,0,0,0,0,0,0,0
0.054559,0,0,0,0,0,0,0,0,0,0,0,0,0,0
0.061682,0,0,0,0,0,0,0,0,0,0,0,0,0,0
0.055341,0,0,0,0,0,0,0,0,0,0,0,0,0,0
0.058718,0,0,0,0,0,0,0,0,0,0,0,0,0,0
0.063904,0,0,0,0,0,0,0,0,0,0,0,0,0,0
0.058443,0,0,0,0,0,0,0,0,0,0,0,0,0,0
0.06403,0,0,0,0,0,0,0,0,0,0,0,0,0,0
0.058347,0,0,0,0,0,0,0,0,0,0,0,0,0,0
0.051046,0,0,0,0,0,0,0,0,0,0,0,0,0,0
0.043955,0,0,0,0,0,0,0,0,0,0,0,0,0,0
0.050502,0,0,0,0,0,0,0,0,0,0,0,0,0,0
0.063116,0,0,0,0,0,0,0,0,0,0,0,0,0,0
0.049412,0,0,0,0,0,0,0,0,0,0,0,0,0,0
0.048347,0,0,0,0,0,0,0,0,0,0,0,0,0,0
0.05901,0,0,0,0,0,0,0,0,0,0,0,0,0,0
0.059183,0,0,0,0,0,0,0,0,0,0,0,0,0,0
0.054038,0,0,0,0,0,0,0,0,0,0,0,0,0,0
0.055956,0,0,0,0,0,0,0,0,0,0,0,0,0,0
0.060283,0,0,0,0,0,0,0,0,0,0,0,0,0,0
0.05789,0,0,0,0,0,0,0,0,0,0,0,0,0,0
0.044484,0,0,0,0,0,0,0,0,0,0,0,0,0,0
0.042777,0,0,0,0,0,0,0,0,0,0,0,0,0,0
0.036271,0,0,0,0,0,0,0,0,0,0,0,0,0,0
0.051965,0,0,0,0,0,0,0,0,0,0,0,0,0,0
0.052677,0,0,0,0,0,0,0,0,0,0,0,0,0,0
0.05719,0,0,0,0,0,0,0,0,0,0,0,0,0,0
0.055573,0,0,0,0,0,0,0,0,0,0,0,0,0,0
0.060287,0,0,0,0,0,0,0,0,0,0,0,0,0,0
0.057418,0,0,0,0,0,0,0,0,0,0,0,0,0,0
0.062059,0,0,0,0,0,0,0,0,0,0,0,0,0,0
0.055449,0,0,0,0,0,0,0,0,0,0,0,0,0,0
0.056064,0,0,0,0,0,0,0,0,0,0,0,0,0,0
0.043301,0,0,0,0,0,0,0,0,0,0,0,0,0,0
0.041928,0,0,0,0,0,0,0,0,0,0,0,0,0,0
0.036457,0,0,0,0,0,0,0,0,0,0,0,0,0,0
0.037494,0,0,0,0,0,0,0,0,0,0,0,0,0,0
0.033258,0,0,0,0,0,0,0,0,0,0,0,0,0,0
0.03435,0,0,0,0,0,0,0,0,0,0,0,0,0,0
0.041237,0,0,0,0,0,0,0,0,0,0,0,0,0,0
0.042176,0,0,0,0,0,0,0,0,0,0,0,0,0,0
0.03589,0,0,0,0,0,0,0,0,0,0,0,0,0,0
0.0364,0,0,0,0,0,0,0,0,0,0,0,0,0,0
0.032123,0,0,0,0,0,0,0,0,0,0,0,0,0,0
0.033705,0,0,0,0,0,0,0,0,0,0,0,0,0,0
0.030175,0,0,0,0,0,0,0,0,0,0,0,0,0,0
0.032537,0,0,0,0,0,0,0,0,0,0,0,0,0,0
0.052205,0,0,0,0,0,0,0,0,0,0,0,0,0,0
0.044235,0,0,0,0,0,0,0,0,0,0,0,0,0,0
0.038274,0,0,0,0,0,0,0,0,0,0,0,0,0,0
0.039185,0,0,0,0,0,0,0,0,0,0,0,0,0,0
0.034206,0,0,0,0,0,0,0,0,0,0,0,0,0,0
0.035936,0,0,0,0,0,0,0,0,0,0,0,0,0,0
0.031629,0,0,0,0,0,0,0,0,0,0,0,0,0,0
0.055648,0,0,0,0,0,0,0,0,0,0,0,0,0,0
0.043294,0,0,0,0,0,0,0,0,0,0,0,0,0,0
0.042693,0,0,0,0,0,0,0,0,0,0,0,0,0,0
0.062678,0,0,0,0,0,0,0,0,0,0,0,0,0,0
0.067755,0,0,0,0,0,0,0,0,0,0,0,0,0,0
0.066791,0,0,0,0,0,0,0,0,0,0,0,0,0,0
0.052931,0,0,0,0,0,0,0,0,0,0,0,0,0,0
0.047886,0,0,0,0,0,0,0,0,0,0,0,0,0,0
0.041372,0,0,0,0,0,0,0,0,0,0,0,0,0,0
0.041323,0,0,0,0,0,0,0,0,0,0,0,0,0,0
0.036853,0,0,0,0,0,0,0,0,0,0,0,0,0,0
0.049979,0,0,0,0,0,0,0,0,0,0,0,0,0,0
0.066038,0,0,0,0,0,0,0,0,0,0,0,0,0,0
0.053279,0,0,0,0,0,0,0,0,0,0,0,0,0,0
0.060118,0,0,0,0,0,0,0,0,0,0,0,0,0,0
0.053834,0,0,0,0,0,0,0,0,0,0,0,0,0,0
0.053898,0,0,0,0,0,0,0,0,0,0,0,0,0,0
0.04101,0,0,0,0,0,0,0,0,0,0,0,0,0,0
0.048208,0,0,0,0,0,0,0,0,0,0,0,0,0,0
0.053187,0,0,0,0,0,0,0,0,0,0,0,0,0,0
0.061243,0,0,0,0,0,0,0,0,0,0,0,0,0,0
0.047833,0,0,0,0,0,0,0,0,0,0,0,0,0,0
0.070275,0,0,0,0,0,0,0,0,0,0,0,0,0,0
0.049612,0,0,0,0,0,0,0,0,0,0,0,0,0,0
0.063953,0,0,0,0,0,0,0,0,0,0,0,0,0,0
0.055804,0,0,0,0,0,0,0,0,0,0,0,0,0,0
0.068679,0,0,0,0,0,0,0,0,0,0,0,0,0,0
0.048522,0,0,0,0,0,0,0,0,0,0,0,0,0,0
0.073675,0,0,0,0,0,0,0,0,0,0,0,0,0,0
0.057829,0,0,0,0,0,0,0,0,0,0,0,0,0,0
0.068285,0,0,0,0,0,0,0,0,0,0,0,0,0,0
0.054305,0,0,0,0,0,0,0,0,0,0,0,0,0,0
0.0703,0,0,0,0,0,0,0,0,0,0,0,0,0,0
0.056815,0,0,0,0,0,0,0,0,0,0,0,0,0,0
0.061682,0,0,0,0,0,0,0,0,0,0,0,0,0,0
0.054827,0,0,0,0,0,0,0,0,0,0,0,0,0,0
0.060146,0,0,0,0,0,0,0,0,0,0,0,0,0,0
0.058842,0,0,0,0,0,0,0,0,0,0,0,0,0,0
0.062293,0,0,0,0,0,0,0,0,0,0,0,0,0,0
0.065097,0,0,0,0,0,0,0,0,0,0,0,0,0,0
0.058784,0,0,0,0,0,0,0,0,0,0,0,0,0,0
0.056778,0,0,0,0,0,0,0,0,0,0,0,0,0,0
0.065651,0,0,0,0,0,0,0,0,0,0,0,0,0,0
0.052898,0,0,0,0,0,0,0,0,0,0,0,0,0,0
0.066045,0,0,0,0,0,0,0,0,0,0,0,0,0,0
0.055716,0,0,0,0,0,0,0,0,0,0,0,0,0,0
0.064184,0,0,0,0,0,0,0,0,0,0,0,0,0,0
NaN,0,0,0,0,0,0,0,0,0,0,0,0,0,0
NaN,0,0,0,0,0,0,0,0,0,0,0,0,0,0
NaN,0,0,0,0,0,0,0,0,0,0,0,0,0,0
NaN,0,0,0,0,0,0,0,0,0,0,0,0,0,0
0.000121,0,0,0,0,0,0,0,0,0,0,0,0,0,0
1.8147,0,0,0,0,0,0,0,0,0,0,0,0,0,0
0.07612,0,0,0,0,0,0,0,0,0,0,0,0,0,0
0.075686,0,0,0,0,0,0,0,0,0,0,0,0,0,0
0.08108,0,0,0,0,0,0,0,0,0,0,0,0,0,0
0.055235,0,0,0,0,0,0,0,0,0,0,0,0,0,0
0.077916,0,0,0,0,0,0,0,0,0,0,0,0,0,0
0.05874,0,0,0,0,0,0,0,0,0,0,0,0,0,0
0.078752,0,0,0,0,0,0,0,0,0,0,0,0,0,0
0.047815,0,0,0,0,0,0,0,0,0,0,0,0,0,0
0.07619,0,0,0,0,0,0,0,0,0,0,0,0,0,0
0.057662,0,0,0,0,0,0,0,0,0,0,0,0,0,0
0.084387,0,0,0,0,0,0,0,0,0,0,0,0,0,0
0.074199,0,0,0,0,0,0,0,0,0,0,0,0,0,0
0.089967,0,0,0,0,0,0,0,0,0,0,0,0,0,0
0.07374,0,0,0,0,0,0,0,0,0,0,0,0,0,0
0.057422,0,0,0,0,0,0,0,0,0,0,0,0,0,0
0.073496,0,0,0,0,0,0,0,0,0,0,0,0,0,0
0.084633,0,0,0,0,0,0,0,0,0,0,0,0,0,0
0.057242,0,0,0,0,0,0,0,0,0,0,0,0,0,0
0.064085,0,0,0,0,0,0,0,0,0,0,0,0,0,0
0.047411,0,0,0,0,0,0,0,0,0,0,0,0,0,0
0.071515,0,0,0,0,0,0,0,0,0,0,0,0,0,0
0.076117,0,0,0,0,0,0,0,0,0,0,0,0,0,0
0.061826,0,0,0,0,0,0,0,0,0,0,0,0,0,0
0.057499,0,0,0,0,0,0,0,0,0,0,0,0,0,0
0.050607,0,0,0,0,0,0,0,0,0,0,0,0,0,0
0.042308,0,0,0,0,0,0,0,0,0,0,0,0,0,0
0.076459,0,0,0,0,0,0,0,0,0,0,0,0,0,0
0.072036,0,0,0,0,0,0,0,0,0,0,0,0,0,0
0.061238,0,0,0,0,0,0,0,0,0,0,0,0,0,0
0.051621,0,0,0,0,0,0,0,0,0,0,0,0,0,0
0.055497,0,0,0,0,0,0,0,0,0,0,0,0,0,0
0.044001,0,0,0,0,0,0,0,0,0,0,0,0,0,0
0.047264,0,0,0,0,0,0,0,0,0,0,0,0,0,0
0.041548,0,0,0,0,0,0,0,0,0,0,0,0,0,0
0.078751,0,0,0,0,0,0,0,0,0,0,0,0,0,0
0.070844,0,0,0,0,0,0,0,0,0,0,0,0,0,0
0.07608,0,0,0,0,0,0,0,0,0,0,0,0,0,0
0.09547,0,0,0,0,0,0,0,0,0,0,0,0,0,0
0.063072,0,0,0,0,0,0,0,0,0,0,0,0,0,0
0.070715,0,0,0,0,0,0,0,0,0,0,0,0,0,0
0.081924,0,0,0,0,0,0,0,0,0,0,0,0,0,0
0.070458,0,0,0,0,0,0,0,0,0,0,0,0,0,0
0.060237,0,0,0,0,0,0,0,0,0,0,0,0,0,0
0.04987,0,0,0,0,0,0,0,0,0,0,0,0,0,0
0.048798,0,0,0,0,0,0,0,0,0,0,0,0,0,0
0.043828,0,0,0,0,0,0,0,0,0,0,0,0,0,0
0.045112,0,0,0,0,0,0,0,0,0,0,0,0,0,0
0.062972,0,0,0,0,0,0,0,0,0,0,0,0,0,0
0.07017,0,0,0,0,0,0,0,0,0,0,0,0,0,0
0.057023,0,0,0,0,0,0,0,0,0,0,0,0,0,0
0.079924,0,0,0,0,0,0,0,0,0,0,0,0,0,0
0.056057,0,0,0,0,0,0,0,0,0,0,0,0,0,0
0.073952,0,0,0,0,0,0,0,0,0,0,0,0,0,0
0.069026,0,0,0,0,0,0,0,0,0,0,0,0,0,0
0.063004,0,0,0,0,0,0,0,0,0,0,0,0,0,0
0.055895,0,0,0,0,0,0,0,0,0,0,0,0,0,0
NaN,0,0,0,0,0,0,0,0,0,0,0,0,0,0
NaN,0,0,0,0,0,0,0,0,0,0,0,0,0,0
NaN,0,0,0,0,0,0,0,0,0,0,0,0,0,0
NaN,0,0,0,0,0,0,0,0,0,0,0,0,0,0
0.000121,0,0,0,0,0,0,0,0,0,0,0,0,0,0
1.9246,0,0,0,0,0,0,0,0,0,0,0,0,0,0
0.10645,0,0,0,0,0,0,0,0,0,0,0,0,0,0
0.12048,0,0,0,0,0,0,0,0,0,0,0,0,0,0
0.086973,0,0,0,0,0,0,0,0,0,0,0,0,0,0
0.072094,0,0,0,0,0,0,0,0,0,0,0,0,0,0
0.069334,0,0,0,0,0,0,0,0,0,0,0,0,0,0
0.067519,0,0,0,0,0,0,0,0,0,0,0,0,0,0
0.12192,0,0,0,0,0,0,0,0,0,0,0,0,0,0
0.11726,0,0,0,0,0,0,0,0,0,0,0,0,0,0
0.11911,0,0,0,0,0,0,0,0,0,0,0,0,0,0
0.12089,0,0,0,0,0,0,0,0,0,0,0,0,0,0
0.11948,0,0,0,0,0,0,0,0,0,0,0,0,0,0
0.085885,0,0,0,0,0,0,0,0,0,0,0,0,0,0
0.074221,0,0,0,0,0,0,0,0,0,0,0,0,0,0
0.11432,0,0,0,0,0,0,0,0,0,0,0,0,0,0
0.11831,0,0,0,0,0,0,0,0,0,0,0,0,0,0
0.11114,0,0,0,0,0,0,0,0,0,0,0,0,0,0
0.0992,0,0,0,0,0,0,0,0,0,0,0,0,0,0
0.073954,0,0,0,0,0,0,0,0,0,0,0,0,0,0
0.069238,0,0,0,0,0,0,0,0,0,0,0,0,0,0
0.074033,0,0,0,0,0,0,0,0,0,0,0,0,0,0
0.087619,0,0,0,0,0,0,0,0,0,0,0,0,0,0
0.071978,0,0,0,0,0,0,0,0,0,0,0,0,0,0
0.11902,0,0,0,0,0,0,0,0,0,0,0,0,0,0
0.12476,0,0,0,0,0,0,0,0,0,0,0,0,0,0
0.091808,0,0,0,0,0,0,0,0,0,0,0,0,0,0
0.082488,0,0,0,0,0,0,0,0,0,0,0,0,0,0
0.085718,0,0,0,0,0,0,0,0,0,0,0,0,0,0
0.070512,0,0,0,0,0,0,0,0,0,0,0,0,0,0
0.069515,0,0,0,0,0,0,0,0,0,0,0,0,0,0
0.070392,0,0,0,0,0,0,0,0,0,0,0,0,0,0
0.069409,0,0,0,0,0,0,0,0,0,0,0,0,0,0
0.12343,0,0,0,0,0,0,0,0,0,0,0,0,0,0
0.12566,0,0,0,0,0,0,0,0,0,0,0,0,0,0
0.12273,0,0,0,0,0,0,0,0,0,0,0,0,0,0
0.13073,0,0,0,0,0,0,0,0,0,0,0,0,0,0
0.091377,0,0,0,0,0,0,0,0,0,0,0,0,0,0
0.08733,0,0,0,0,0,0,0,0,0,0,0,0,0,0
0.11927,0,0,0,0,0,0,0,0,0,0,0,0,0,0
0.12892,0,0,0,0,0,0,0,0,0,0,0,0,0,0
0.12173,0,0,0,0,0,0,0,0,0,0,0,0,0,0
0.095944,0,0,0,0,0,0,0,0,0,0,0,0,0,0
0.11758,0,0,0,0,0,0,0,0,0,0,0,0,0,0
0.17198,0,0,0,0,0,0,0,0,0,0,0,0,0,0
0.12073,0,0,0,0,0,0,0,0,0,0,0,0,0,0
0.086963,0,0,0,0,0,0,0,0,0,0,0,0,0,0
0.13202,0,0,0,0,0,0,0,0,0,0,0,0,0,0
0.13045,0,0,0,0,0,0,0,0,0,0,0,0,0,0
0.1195,0,0,0,0,0,0,0,0,0,0,0,0,0,0
0.14248,0,0,0,0,0,0,0,0,0,0,0,0,0,0
0.1248,0,0,0,0,0,0,0,0,0,0,0,0,0,0
0.089156,0,0,0,0,0,0,0,0,0,0,0,0,0,0
0.12254,0,0,0,0,0,0,0,0,0,0,0,0,0,0
0.09499,0,0,0,0,0,0,0,0,0,0,0,0,0,0
0.11996,0,0,0,0,0,0,0,0,0,0,0,0,0,0
0.097086,0,0,0,0,0,0,0,0,0,0,0,0,0,0
0.072227,0,0,0,0,0,0,0,0,0,0,0,0,0,0
0.077885,0,0,0,0,0,0,0,0,0,0,0,0,0,0
0.082799,0,0,0,0,0,0,0,0,0,0,0,0,0,0
0.069121,0,0,0,0,0,0,0,0,0,0,0,0,0,0
0.071084,0,0,0,0,0,0,0,0,0,0,0,0,0,0
0.069416,0,0,0,0,0,0,0,0,0,0,0,0,0,0
0.069226,0,0,0,0,0,0,0,0,0,0,0,0,0,0
0.069744,0,0,0,0,0,0,0,0,0,0,0,0,0,0
0.069585,0,0,0,0,0,0,0,0,0,0,0,0,0,0
0.069149,0,0,0,0,0,0,0,0,0,0,0,0,0,0
0.074796,0,0,0,0,0,0,0,0,0,0,0,0,0,0
0.068954,0,0,0,0,0,0,0,0,0,0,0,0,0,0
0.11837,0,0,0,0,0,0,0,0,0,0,0,0,0,0
0.10438,0,0,0,0,0,0,0,0,0,0,0,0,0,0
0.082918,0,0,0,0,0,0,0,0,0,0,0,0,0,0
0.12395,0,0,0,0,0,0,0,0,0,0,0,0,0,0
0.12256,0,0,0,0,0,0,0,0,0,0,0,0,0,0
0.087108,0,0,0,0,0,0,0,0,0,0,0,0,0,0
0.076886,0,0,0,0,0,0,0,0,0,0,0,0,0,0
NaN,0,0,0,0,0,0,0,0,0,0,0,0,0,0
NaN,0,0,0,0,0,0,0,0,0,0,0,0,0,0
NaN,0,0,0,0,0,0,0,0,0,0,0,0,0,0
NaN,0,0,0,0,0,0,0,0,0,0,0,0,0,0
0.00012,0,0,0,0,0,0,0,0,0,0,0,0,0,0
1.8374,0,0,0,0,0,0,0,0,0,0,0,0,0,0
0.030961,0,0,0,0,0,0,0,0,0,0,0,0,0,0
0.029674,0,0,0,0,0,0,0,0,0,0,0,0,0,0
0.038423,0,0,0,0,0,0,0,0,0,0,0,0,0,0
0.021523,0,0,0,0,0,0,0,0,0,0,0,0,0,0
0.031281,0,0,0,0,0,0,0,0,0,0,0,0,0,0
0.023393,0,0,0,0,0,0,0,0,0,0,0,0,0,0
0.020939,0,0,0,0,0,0,0,0,0,0,0,0,0,0
0.020434,0,0,0,0,0,0,0,0,0,0,0,0,0,0
0.020863,0,0,0,0,0,0,0,0,0,0,0,0,0,0
0.020326,0,0,0,0,0,0,0,0,0,0,0,0,0,0
0.029699,0,0,0,0,0,0,0,0,0,0,0,0,0,0
0.02339,0,0,0,0,0,0,0,0,0,0,0,0,0,0
0.020763,0,0,0,0,0,0,0,0,0,0,0,0,0,0
0.026977,0,0,0,0,0,0,0,0,0,0,0,0,0,0
0.020913,0,0,0,0,0,0,0,0,0,0,0,0,0,0
0.026527,0,0,0,0,0,0,0,0,0,0,0,0,0,0
0.020953,0,0,0,0,0,0,0,0,0,0,0,0,0,0
0.020308,0,0,0,0,0,0,0,0,0,0,0,0,0,0
0.020939,0,0,0,0,0,0,0,0,0,0,0,0,0,0
0.01615,0,0,0,0,0,0,0,0,0,0,0,0,0,0
0.021725,0,0,0,0,0,0,0,0,0,0,0,0,0,0
0.021601,0,0,0,0,0,0,0,0,0,0,0,0,0,0
0.020452,0,0,0,0,0,0,0,0,0,0,0,0,0,0
0.02062,0,0,0,0,0,0,0,0,0,0,0,0,0,0
0.020365,0,0,0,0,0,0,0,0,0,0,0,0,0,0
0.020918,0,0,0,0,0,0,0,0,0,0,0,0,0,0
0.020641,0,0,0,0,0,0,0,0,0,0,0,0,0,0
0.020733,0,0,0,0,0,0,0,0,0,0,0,0,0,0
0.020816,0,0,0,0,0,0,0,0,0,0,0,0,0,0
0.020777,0,0,0,0,0,0,0,0,0,0,0,0,0,0
0.020778,0,0,0,0,0,0,0,0,0,0,0,0,0,0
0.020551,0,0,0,0,0,0,0,0,0,0,0,0,0,0
0.021059,0,0,0,0,0,0,0,0,0,0,0,0,0,0
0.020599,0,0,0,0,0,0,0,0,0,0,0,0,0,0
0.020996,0,0,0,0,0,0,0,0,0,0,0,0,0,0
0.020461,0,0,0,0,0,0,0,0,0,0,0,0,0,0
0.020518,0,0,0,0,0,0,0,0,0,0,0,0,0,0
0.020664,0,0,0,0,0,0,0,0,0,0,0,0,0,0
0.020782,0,0,0,0,0,0,0,0,0,0,0,0,0,0
0.020688,0,0,0,0,0,0,0,0,0,0,0,0,0,0
0.021671,0,0,0,0,0,0,0,0,0,0,0,0,0,0
0.020954,0,0,0,0,0,0,0,0,0,0,0,0,0,0
0.020835,0,0,0,0,0,0,0,0,0,0,0,0,0,0
0.0207,0,0,0,0,0,0,0,0,0,0,0,0,0,0
0.020792,0,0,0,0,0,0,0,0,0,0,0,0,0,0
0.02068,0,0,0,0,0,0,0,0,0,0,0,0,0,0
0.020846,0,0,0,0,0,0,0,0,0,0,0,0,0,0
0.020529,0,0,0,0,0,0,0,0,0,0,0,0,0,0
0.020781,0,0,0,0,0,0,0,0,0,0,0,0,0,0
0.020669,0,0,0,0,0,0,0,0,0,0,0,0,0,0
0.020632,0,0,0,0,0,0,0,0,0,0,0,0,0,0
0.020795,0,0,0,0,0,0,0,0,0,0,0,0,0,0
0.020899,0,0,0,0,0,0,0,0,0,0,0,0,0,0
0.020612,0,0,0,0,0,0,0,0,0,0,0,0,0,0
0.020793,0,0,0,0,0,0,0,0,0,0,0,0,0,0
0.02078,0,0,0,0,0,0,0,0,0,0,0,0,0,0
0.020628,0,0,0,0,0,0,0,0,0,0,0,0,0,0
0.020545,0,0,0,0,0,0,0,0,0,0,0,0,0,0
0.016497,0,0,0,0,0,0,0,0,0,0,0,0,0,0
0.016319,0,0,0,0,0,0,0,0,0,0,0,0,0,0
0.020639,0,0,0,0,0,0,0,0,0,0,0,0,0,0
0.021992,0,0,0,0,0,0,0,0,0,0,0,0,0,0
0.017116,0,0,0,0,0,0,0,0,0,0,0,0,0,0
0.016662,0,0,0,0,0,0,0,0,0,0,0,0,0,0
0.01612,0,0,0,0,0,0,0,0,0,0,0,0,0,0
0.016239,0,0,0,0,0,0,0,0,0,0,0,0,0,0
0.016393,0,0,0,0,0,0,0,0,0,0,0,0,0,0
0.016203,0,0,0,0,0,0,0,0,0,0,0,0,0,0
0.02058,0,0,0,0,0,0,0,0,0,0,0,0,0,0
0.021813,0,0,0,0,0,0,0,0,0,0,0,0,0,0
0.016246,0,0,0,0,0,0,0,0,0,0,0,0,0,0
