1
487.6500,513.6400,35.9100,117.5400
487.6500,513.6400,35.9100,117.5400
487.6500,513.6400,35.9100,117.5400
487.6500,513.6400,35.9100,117.5400
487.6500,513.6400,35.9100,117.5400
487.6500,513.6400,35.9100,117.5400
487.6500,513.6400,35.9100,117.5400
487.6500,513.6400,35.9100,117.5400
2
0
0
0
0
1
487.5200,329.1800,44.0500,114.7700
487.5200,329.1800,44.0500,114.7700
487.5200,329.1800,44.0500,114.7700
487.5200,329.1800,44.0500,114.7700
487.5200,329.1800,44.0500,114.7700
487.5200,329.1800,44.0500,114.7700
487.5200,329.1800,44.0500,114.7700
487.5200,329.1800,44.0500,114.7700
487.5200,329.1800,44.0500,114.7700
487.5200,329.1800,44.0500,114.7700
487.5200,329.1800,44.0500,114.7700
487.5200,329.1800,44.0500,114.7700
487.5200,329.1800,44.0500,114.7700
487.5200,329.1800,44.0500,114.7700
487.5200,329.1800,44.0500,114.7700
487.5200,329.1800,44.0500,114.7700
2
0
0
0
0
1
531.8000,304.0500,45.9300,124.1900
531.8000,304.0500,45.9300,124.1900
531.8000,304.0500,45.9300,124.1900
531.8000,304.0500,45.9300,124.1900
531.8000,304.0500,45.9300,124.1900
531.8000,304.0500,45.9300,124.1900
531.8000,304.0500,45.9300,124.1900
531.8000,304.0500,45.9300,124.1900
531.8000,304.0500,45.9300,124.1900
531.8000,304.0500,45.9300,124.1900
531.8000,304.0500,45.9300,124.1900
531.8000,304.0500,45.9300,124.1900
531.8000,304.0500,45.9300,124.1900
531.8000,304.0500,45.9300,124.1900
531.8000,304.0500,45.9300,124.1900
531.8000,304.0500,45.9300,124.1900
531.8000,304.0500,45.9300,124.1900
531.8000,304.0500,45.9300,124.1900
531.8000,304.0500,45.9300,124.1900
531.8000,304.0500,45.9300,124.1900
531.8000,304.0500,45.9300,124.1900
531.8000,304.0500,45.9300,124.1900
531.8000,304.0500,45.9300,124.1900
531.8000,304.0500,45.9300,124.1900
531.8000,304.0500,45.9300,124.1900
531.8000,304.0500,45.9300,124.1900
531.8000,304.0500,45.9300,124.1900
531.8000,304.0500,45.9300,124.1900
531.8000,304.0500,45.9300,124.1900
531.8000,304.0500,45.9300,124.1900
531.8000,304.0500,45.9300,124.1900
531.8000,304.0500,45.9300,124.1900
531.8000,304.0500,45.9300,124.1900
531.8000,304.0500,45.9300,124.1900
531.8000,304.0500,45.9300,124.1900
531.8000,304.0500,45.9300,124.1900
531.8000,304.0500,45.9300,124.1900
531.8000,304.0500,45.9300,124.1900
531.8000,304.0500,45.9300,124.1900
531.8000,304.0500,45.9300,124.1900
531.8000,304.0500,45.9300,124.1900
531.8000,304.0500,45.9300,124.1900
531.8000,304.0500,45.9300,124.1900
2
0
0
0
0
1
477.0100,221.9800,58.2800,245.1300
477.0100,221.9800,58.2800,245.1300
477.0100,221.9800,58.2800,245.1300
477.0100,221.9800,58.2800,245.1300
477.0100,221.9800,58.2800,245.1300
477.0100,221.9800,58.2800,245.1300
477.0100,221.9800,58.2800,245.1300
477.0100,221.9800,58.2800,245.1300
477.0100,221.9800,58.2800,245.1300
477.0100,221.9800,58.2800,245.1300
477.0100,221.9800,58.2800,245.1300
477.0100,221.9800,58.2800,245.1300
477.0100,221.9800,58.2800,245.1300
477.0100,221.9800,58.2800,245.1300
477.0100,221.9800,58.2800,245.1300
477.0100,221.9800,58.2800,245.1300
477.0100,221.9800,58.2800,245.1300
477.0100,221.9800,58.2800,245.1300
477.0100,221.9800,58.2800,245.1300
477.0100,221.9800,58.2800,245.1300
477.0100,221.9800,58.2800,245.1300
477.0100,221.9800,58.2800,245.1300
477.0100,221.9800,58.2800,245.1300
477.0100,221.9800,58.2800,245.1300
477.0100,221.9800,58.2800,245.1300
477.0100,221.9800,58.2800,245.1300
477.0100,221.9800,58.2800,245.1300
477.0100,221.9800,58.2800,245.1300
477.0100,221.9800,58.2800,245.1300
477.0100,221.9800,58.2800,245.1300
477.0100,221.9800,58.2800,245.1300
477.0100,221.9800,58.2800,245.1300
477.0100,221.9800,58.2800,245.1300
477.0100,221.9800,58.2800,245.1300
477.0100,221.9800,58.2800,245.1300
477.0100,221.9800,58.2800,245.1300
477.0100,221.9800,58.2800,245.1300
477.0100,221.9800,58.2800,245.1300
477.0100,221.9800,58.2800,245.1300
477.0100,221.9800,58.2800,245.1300
477.0100,221.9800,58.2800,245.1300
2
0
0
0
