1
313.000000,540.000000,13.000000,49.000000
313.000000,519.000000,13.000000,49.000000
2
0
0
0
0
1
295.000000,435.000000,20.000000,50.000000
306.000000,428.000000,20.000000,50.000000
325.000000,426.000000,20.000000,50.000000
338.000000,422.000000,20.000000,50.000000
339.000000,427.000000,20.000000,50.000000
345.000000,417.000000,20.000000,50.000000
355.000000,421.000000,20.000000,50.000000
376.000000,430.000000,20.000000,50.000000
392.000000,421.000000,20.000000,50.000000
391.000000,405.000000,20.000000,50.000000
373.000000,398.000000,20.000000,50.000000
373.000000,385.000000,20.000000,50.000000
373.000000,385.000000,20.000000,50.000000
374.000000,375.000000,20.000000,50.000000
360.000000,352.000000,20.000000,50.000000
352.000000,358.000000,20.000000,50.000000
346.000000,352.000000,20.000000,50.000000
342.000000,326.000000,20.000000,50.000000
347.000000,309.000000,20.000000,50.000000
337.000000,293.000000,20.000000,50.000000
367.000000,280.000000,20.000000,50.000000
369.000000,267.000000,20.000000,50.000000
367.000000,241.000000,20.000000,50.000000
387.000000,218.000000,20.000000,50.000000
404.000000,223.000000,20.000000,50.000000
414.000000,253.000000,20.000000,50.000000
440.000000,264.000000,20.000000,50.000000
447.000000,273.000000,20.000000,50.000000
455.000000,279.000000,20.000000,50.000000
460.000000,279.000000,20.000000,50.000000
2
0
0
0
0
1
310.000000,313.000000,20.000000,64.000000
293.000000,297.000000,20.000000,64.000000
288.000000,282.000000,20.000000,64.000000
273.000000,284.000000,20.000000,64.000000
261.000000,266.000000,20.000000,64.000000
244.000000,264.000000,20.000000,64.000000
246.000000,245.000000,20.000000,64.000000
271.000000,270.000000,20.000000,64.000000
293.000000,289.000000,20.000000,64.000000
322.000000,297.000000,20.000000,64.000000
340.000000,314.000000,20.000000,64.000000
329.000000,312.000000,20.000000,64.000000
341.000000,312.000000,20.000000,64.000000
345.000000,326.000000,20.000000,64.000000
349.000000,344.000000,20.000000,64.000000
351.000000,370.000000,20.000000,64.000000
345.000000,383.000000,20.000000,64.000000
324.000000,378.000000,20.000000,64.000000
298.000000,355.000000,20.000000,64.000000
289.000000,342.000000,20.000000,64.000000
289.000000,339.000000,20.000000,63.000000
295.000000,338.000000,20.000000,63.000000
291.000000,342.000000,19.000000,61.000000
291.000000,340.000000,19.000000,61.000000
296.000000,337.000000,19.000000,60.000000
295.000000,327.000000,19.000000,59.000000
283.000000,328.000000,18.000000,58.000000
293.000000,341.000000,18.000000,58.000000
311.000000,341.000000,18.000000,58.000000
304.000000,343.000000,18.000000,58.000000
285.000000,323.000000,18.000000,57.000000
286.000000,323.000000,18.000000,57.000000
295.000000,333.000000,18.000000,56.000000
306.000000,336.000000,18.000000,56.000000
301.000000,347.000000,17.000000,56.000000
308.000000,351.000000,17.000000,56.000000
320.000000,355.000000,18.000000,57.000000
325.000000,352.000000,18.000000,58.000000
338.000000,347.000000,18.000000,59.000000
344.000000,363.000000,18.000000,58.000000
341.000000,340.000000,18.000000,58.000000
348.000000,338.000000,19.000000,60.000000
376.000000,348.000000,18.000000,58.000000
400.000000,337.000000,18.000000,57.000000
401.000000,318.000000,18.000000,56.000000
392.000000,309.000000,18.000000,58.000000
396.000000,312.000000,18.000000,59.000000
412.000000,297.000000,19.000000,60.000000
417.000000,292.000000,19.000000,62.000000
437.000000,291.000000,19.000000,61.000000
458.000000,309.000000,19.000000,61.000000
472.000000,327.000000,19.000000,61.000000
478.000000,317.000000,19.000000,62.000000
480.000000,302.000000,19.000000,62.000000
483.000000,303.000000,19.000000,61.000000
495.000000,287.000000,19.000000,62.000000
517.000000,282.000000,19.000000,62.000000
531.000000,281.000000,19.000000,62.000000
545.000000,269.000000,19.000000,62.000000
562.000000,243.000000,19.000000,62.000000
569.000000,237.000000,20.000000,63.000000
576.000000,222.000000,20.000000,63.000000
583.000000,206.000000,20.000000,64.000000
598.000000,184.000000,20.000000,65.000000
608.000000,172.000000,21.000000,66.000000
612.000000,191.000000,20.000000,65.000000
602.000000,195.000000,20.000000,64.000000
582.000000,189.000000,20.000000,65.000000
575.000000,185.000000,21.000000,67.000000
564.000000,189.000000,21.000000,66.000000
2
0
0
0
0
1
459.000000,148.000000,16.000000,65.000000
473.000000,155.000000,16.000000,65.000000
490.000000,166.000000,16.000000,65.000000
497.000000,179.000000,16.000000,65.000000
498.000000,177.000000,16.000000,65.000000
510.000000,165.000000,16.000000,65.000000
523.000000,152.000000,16.000000,65.000000
545.000000,154.000000,16.000000,65.000000
