1
313.000000,539.000000,13.000000,49.000000
314.000000,512.000000,13.000000,49.000000
2
0
0
0
0
1
294.000000,438.000000,20.000000,50.000000
306.000000,427.000000,20.000000,50.000000
325.000000,426.000000,20.000000,50.000000
338.000000,424.000000,20.000000,50.000000
339.000000,427.000000,20.000000,50.000000
345.000000,416.000000,20.000000,50.000000
356.000000,423.000000,20.000000,50.000000
376.000000,423.000000,20.000000,50.000000
392.000000,421.000000,20.000000,50.000000
391.000000,409.000000,20.000000,50.000000
372.000000,391.000000,20.000000,50.000000
372.000000,385.000000,20.000000,50.000000
373.000000,385.000000,20.000000,50.000000
374.000000,377.000000,20.000000,50.000000
361.000000,349.000000,20.000000,50.000000
352.000000,352.000000,20.000000,50.000000
346.000000,354.000000,20.000000,50.000000
2
0
0
0
0
1
388.000000,220.000000,18.000000,56.000000
407.000000,223.000000,18.000000,56.000000
423.000000,243.000000,18.000000,56.000000
2
0
0
0
0
1
421.000000,316.000000,24.000000,56.000000
400.000000,312.000000,24.000000,56.000000
369.000000,326.000000,24.000000,56.000000
347.000000,308.000000,24.000000,56.000000
317.000000,296.000000,24.000000,56.000000
287.000000,302.000000,24.000000,56.000000
285.000000,290.000000,24.000000,56.000000
272.000000,292.000000,24.000000,56.000000
262.000000,273.000000,24.000000,56.000000
247.000000,267.000000,24.000000,56.000000
245.000000,258.000000,24.000000,56.000000
274.000000,262.000000,24.000000,56.000000
298.000000,274.000000,24.000000,56.000000
326.000000,296.000000,24.000000,56.000000
340.000000,309.000000,24.000000,56.000000
329.000000,312.000000,24.000000,56.000000
339.000000,305.000000,24.000000,56.000000
346.000000,322.000000,24.000000,56.000000
351.000000,341.000000,24.000000,56.000000
355.000000,372.000000,24.000000,56.000000
345.000000,379.000000,24.000000,57.000000
319.000000,364.000000,24.000000,56.000000
297.000000,351.000000,24.000000,56.000000
284.000000,329.000000,24.000000,56.000000
284.000000,330.000000,24.000000,56.000000
290.000000,328.000000,24.000000,56.000000
287.000000,336.000000,24.000000,57.000000
285.000000,329.000000,25.000000,57.000000
290.000000,327.000000,25.000000,58.000000
288.000000,319.000000,25.000000,59.000000
275.000000,323.000000,25.000000,58.000000
288.000000,329.000000,25.000000,59.000000
306.000000,334.000000,25.000000,58.000000
298.000000,330.000000,25.000000,58.000000
280.000000,319.000000,25.000000,59.000000
280.000000,318.000000,25.000000,58.000000
288.000000,326.000000,25.000000,58.000000
300.000000,332.000000,25.000000,59.000000
293.000000,338.000000,26.000000,60.000000
301.000000,332.000000,26.000000,60.000000
312.000000,344.000000,25.000000,59.000000
317.000000,356.000000,25.000000,59.000000
332.000000,352.000000,25.000000,59.000000
334.000000,357.000000,25.000000,59.000000
331.000000,335.000000,26.000000,60.000000
339.000000,322.000000,26.000000,60.000000
365.000000,321.000000,26.000000,61.000000
391.000000,320.000000,26.000000,61.000000
391.000000,312.000000,26.000000,61.000000
384.000000,303.000000,26.000000,61.000000
387.000000,303.000000,26.000000,60.000000
404.000000,289.000000,26.000000,61.000000
409.000000,301.000000,26.000000,60.000000
434.000000,296.000000,26.000000,61.000000
454.000000,302.000000,26.000000,61.000000
463.000000,311.000000,26.000000,61.000000
470.000000,304.000000,26.000000,61.000000
472.000000,298.000000,26.000000,60.000000
476.000000,297.000000,25.000000,59.000000
487.000000,285.000000,25.000000,59.000000
509.000000,273.000000,25.000000,59.000000
523.000000,263.000000,26.000000,60.000000
539.000000,255.000000,26.000000,61.000000
555.000000,240.000000,26.000000,62.000000
561.000000,235.000000,27.000000,63.000000
572.000000,219.000000,27.000000,63.000000
578.000000,206.000000,27.000000,63.000000
589.000000,196.000000,27.000000,64.000000
601.000000,193.000000,28.000000,65.000000
602.000000,198.000000,28.000000,65.000000
592.000000,186.000000,28.000000,65.000000
571.000000,180.000000,28.000000,65.000000
568.000000,191.000000,28.000000,65.000000
556.000000,175.000000,28.000000,64.000000
532.000000,161.000000,28.000000,64.000000
509.000000,149.000000,28.000000,64.000000
499.000000,140.000000,28.000000,64.000000
487.000000,122.000000,28.000000,64.000000
460.000000,130.000000,27.000000,64.000000
442.000000,138.000000,27.000000,64.000000
449.000000,150.000000,27.000000,63.000000
462.000000,161.000000,27.000000,64.000000
482.000000,170.000000,27.000000,64.000000
488.000000,182.000000,27.000000,63.000000
489.000000,172.000000,27.000000,63.000000
501.000000,160.000000,27.000000,63.000000
517.000000,150.000000,27.000000,64.000000
536.000000,149.000000,28.000000,64.000000
