1
525.500000,46.500000,26.000000,26.000000
525.500000,46.500000,26.000000,26.000000
2
0
0
0
0
1
510.500000,140.500000,24.000000,24.000000
2
0
0
0
0
1
569.500000,201.500000,21.000000,21.000000
569.500000,201.500000,21.000000,21.000000
2
0
0
0
0
1
615.000000,265.000000,14.000000,15.000000
615.000000,265.000000,14.000000,15.000000
615.000000,265.000000,14.000000,15.000000
615.000000,265.000000,14.000000,15.000000
2
0
0
0
0
1
637.000000,264.500000,22.500000,22.500000
637.000000,264.500000,22.500000,22.500000
637.000000,264.500000,22.500000,22.500000
637.000000,264.500000,22.500000,22.500000
637.000000,264.500000,22.500000,22.500000
637.000000,264.500000,22.500000,22.500000
637.000000,264.500000,22.500000,22.500000
