1
496.000000,419.000000,40.000000,42.000000
496.000000,419.000000,40.000000,42.000000
496.000000,419.000000,40.000000,42.000000
496.000000,419.000000,40.000000,42.000000
2
0
0
0
0
1
501.119995,391.579987,48.640015,47.680023
501.119995,391.579987,48.640015,47.680023
501.119995,391.579987,48.640015,47.680023
501.119995,391.579987,48.640015,47.680023
501.119995,391.579987,48.640015,47.680023
501.119995,391.579987,48.640015,47.680023
2
0
0
0
0
1
512.039978,299.649994,40.090027,39.740021
512.039978,299.649994,40.090027,39.740021
512.039978,299.649994,40.090027,39.740021
512.039978,299.649994,40.090027,39.740021
2
0
0
0
0
1
516.530029,432.880005,44.739990,43.690002
2
0
0
0
0
1
531.479980,329.690002,43.080017,44.679993
531.479980,329.690002,43.080017,44.679993
531.479980,329.690002,43.080017,44.679993
531.479980,329.690002,43.080017,44.679993
531.479980,329.690002,43.080017,44.679993
531.479980,329.690002,43.080017,44.679993
2
0
0
0
0
1
524.820007,298.269989,60.169983,58.680023
524.820007,298.269989,60.169983,58.680023
524.820007,298.269989,60.169983,58.680023
2
0
0
0
0
1
469.000000,250.000000,43.000000,42.000000
469.000000,250.000000,43.000000,42.000000
469.000000,250.000000,43.000000,42.000000
2
0
0
0
0
1
406.000000,367.000000,50.000000,42.000000
406.000000,367.000000,50.000000,42.000000
406.000000,367.000000,50.000000,42.000000
406.000000,367.000000,50.000000,42.000000
406.000000,367.000000,50.000000,42.000000
406.000000,367.000000,50.000000,42.000000
406.000000,367.000000,50.000000,42.000000
406.000000,367.000000,50.000000,42.000000
406.000000,367.000000,50.000000,42.000000
406.000000,367.000000,50.000000,42.000000
2
0
0
0
0
1
388.769989,407.220001,38.870026,43.660004
388.769989,407.220001,38.870026,43.660004
388.769989,407.220001,38.870026,43.660004
388.769989,407.220001,38.870026,43.660004
388.769989,407.220001,38.870026,43.660004
388.769989,407.220001,38.870026,43.660004
388.769989,407.220001,38.870026,43.660004
388.769989,407.220001,38.870026,43.660004
388.769989,407.220001,38.870026,43.660004
388.769989,407.220001,38.870026,43.660004
388.769989,407.220001,38.870026,43.660004
388.769989,407.220001,38.870026,43.660004
2
0
0
0
0
1
425.980011,358.980011,47.589996,45.779999
