1
234.000000,154.000000,39.000000,74.000000
233.000000,157.000000,39.000000,74.000000
228.000000,158.000000,39.000000,74.000000
230.000000,163.000000,39.000000,74.000000
232.000000,167.000000,39.000000,74.000000
228.000000,176.000000,39.000000,74.000000
218.000000,180.000000,39.000000,74.000000
224.000000,195.000000,39.000000,74.000000
239.000000,218.000000,39.000000,74.000000
252.000000,239.000000,39.000000,74.000000
258.000000,264.000000,39.000000,74.000000
236.000000,278.000000,39.000000,74.000000
233.000000,282.000000,39.000000,74.000000
213.000000,293.000000,39.000000,74.000000
184.000000,295.000000,39.000000,74.000000
165.000000,282.000000,39.000000,74.000000
145.000000,277.000000,39.000000,74.000000
146.000000,265.000000,39.000000,74.000000
120.000000,271.000000,39.000000,74.000000
99.000000,259.000000,39.000000,74.000000
92.000000,255.000000,39.000000,74.000000
56.000000,251.000000,39.000000,74.000000
37.000000,252.000000,39.000000,74.000000
54.000000,243.000000,39.000000,74.000000
62.000000,231.000000,39.000000,74.000000
88.000000,219.000000,39.000000,74.000000
2
0
0
0
0
1
238.000000,264.000000,80.000000,64.000000
243.000000,267.000000,80.000000,64.000000
256.000000,272.000000,80.000000,64.000000
263.000000,274.000000,80.000000,64.000000
280.000000,277.000000,80.000000,64.000000
302.000000,283.000000,80.000000,64.000000
317.000000,286.000000,80.000000,64.000000
328.000000,295.000000,80.000000,64.000000
328.000000,298.000000,80.000000,64.000000
325.000000,300.000000,80.000000,64.000000
344.000000,310.000000,80.000000,64.000000
363.000000,325.000000,80.000000,64.000000
363.000000,326.000000,80.000000,64.000000
357.000000,317.000000,80.000000,64.000000
372.000000,322.000000,80.000000,64.000000
392.000000,332.000000,80.000000,64.000000
407.000000,334.000000,80.000000,64.000000
423.000000,336.000000,80.000000,64.000000
431.000000,350.000000,80.000000,64.000000
436.000000,352.000000,80.000000,64.000000
411.000000,340.000000,80.000000,64.000000
388.000000,329.000000,80.000000,64.000000
382.000000,302.000000,80.000000,64.000000
366.000000,288.000000,80.000000,64.000000
358.000000,279.000000,80.000000,64.000000
337.000000,271.000000,80.000000,64.000000
322.000000,265.000000,80.000000,64.000000
304.000000,259.000000,80.000000,64.000000
285.000000,258.000000,80.000000,64.000000
276.000000,246.000000,80.000000,64.000000
259.000000,235.000000,80.000000,64.000000
239.000000,220.000000,80.000000,64.000000
228.000000,210.000000,80.000000,64.000000
214.000000,201.000000,80.000000,64.000000
198.000000,192.000000,80.000000,64.000000
175.000000,180.000000,80.000000,64.000000
151.000000,170.000000,80.000000,64.000000
130.000000,159.000000,80.000000,64.000000
122.000000,155.000000,80.000000,64.000000
112.000000,141.000000,80.000000,64.000000
103.000000,132.000000,80.000000,64.000000
90.000000,141.000000,80.000000,64.000000
101.000000,156.000000,80.000000,64.000000
124.000000,184.000000,80.000000,64.000000
118.000000,187.000000,80.000000,64.000000
115.000000,169.000000,80.000000,64.000000
115.000000,172.000000,80.000000,64.000000
116.000000,185.000000,80.000000,64.000000
119.000000,206.000000,80.000000,64.000000
133.000000,223.000000,80.000000,64.000000
160.000000,230.000000,80.000000,64.000000
191.000000,226.000000,80.000000,64.000000
211.000000,241.000000,80.000000,64.000000
2
0
0
0
0
1
143.000000,61.000000,50.000000,81.000000
152.000000,68.000000,50.000000,81.000000
158.000000,70.000000,50.000000,81.000000
160.000000,70.000000,50.000000,81.000000
159.000000,72.000000,50.000000,81.000000
168.000000,71.000000,50.000000,81.000000
186.000000,71.000000,50.000000,81.000000
192.000000,66.000000,50.000000,81.000000
187.000000,65.000000,50.000000,81.000000
181.000000,58.000000,50.000000,81.000000
173.000000,61.000000,50.000000,81.000000
170.000000,63.000000,50.000000,81.000000
152.000000,65.000000,50.000000,81.000000
133.000000,67.000000,50.000000,81.000000
124.000000,75.000000,50.000000,81.000000
120.000000,82.000000,50.000000,81.000000
112.000000,94.000000,50.000000,81.000000
105.000000,107.000000,50.000000,81.000000
98.000000,107.000000,50.000000,81.000000
96.000000,107.000000,50.000000,81.000000
97.000000,125.000000,50.000000,81.000000
97.000000,128.000000,50.000000,81.000000
99.000000,133.000000,50.000000,81.000000
108.000000,130.000000,50.000000,81.000000
115.000000,121.000000,50.000000,81.000000
109.000000,115.000000,50.000000,81.000000
105.000000,110.000000,50.000000,81.000000
101.000000,98.000000,50.000000,81.000000
