1
234.000000,154.000000,39.000000,74.000000
233.000000,158.000000,39.000000,74.000000
229.000000,158.000000,39.000000,74.000000
231.000000,164.000000,39.000000,74.000000
231.000000,168.000000,39.000000,74.000000
230.000000,176.000000,39.000000,74.000000
218.000000,180.000000,39.000000,74.000000
223.000000,192.000000,39.000000,74.000000
237.000000,215.000000,39.000000,74.000000
257.000000,236.000000,39.000000,74.000000
257.000000,264.000000,39.000000,74.000000
239.000000,278.000000,39.000000,74.000000
233.000000,282.000000,39.000000,74.000000
216.000000,293.000000,39.000000,74.000000
188.000000,297.000000,39.000000,74.000000
168.000000,283.000000,39.000000,74.000000
144.000000,270.000000,39.000000,74.000000
145.000000,266.000000,39.000000,74.000000
124.000000,268.000000,39.000000,74.000000
98.000000,254.000000,39.000000,74.000000
94.000000,253.000000,39.000000,74.000000
67.000000,254.000000,39.000000,74.000000
37.000000,255.000000,39.000000,74.000000
51.000000,243.000000,39.000000,74.000000
63.000000,231.000000,39.000000,74.000000
88.000000,217.000000,39.000000,74.000000
2
0
0
0
0
1
238.000000,263.000000,80.000000,64.000000
243.000000,266.000000,80.000000,64.000000
254.000000,271.000000,80.000000,64.000000
262.000000,274.000000,80.000000,64.000000
278.000000,276.000000,80.000000,64.000000
297.000000,283.000000,80.000000,64.000000
318.000000,287.000000,80.000000,64.000000
329.000000,295.000000,80.000000,64.000000
328.000000,298.000000,80.000000,64.000000
325.000000,301.000000,80.000000,64.000000
344.000000,309.000000,80.000000,64.000000
365.000000,326.000000,80.000000,64.000000
363.000000,325.000000,80.000000,64.000000
359.000000,317.000000,80.000000,64.000000
369.000000,321.000000,80.000000,64.000000
391.000000,329.000000,80.000000,64.000000
405.000000,335.000000,80.000000,64.000000
421.000000,334.000000,80.000000,64.000000
432.000000,350.000000,80.000000,64.000000
438.000000,354.000000,80.000000,64.000000
409.000000,345.000000,80.000000,64.000000
386.000000,316.000000,80.000000,64.000000
377.000000,302.000000,80.000000,64.000000
366.000000,288.000000,80.000000,64.000000
357.000000,279.000000,80.000000,64.000000
336.000000,270.000000,80.000000,64.000000
318.000000,264.000000,80.000000,64.000000
302.000000,261.000000,80.000000,64.000000
285.000000,257.000000,80.000000,64.000000
277.000000,246.000000,80.000000,64.000000
261.000000,235.000000,80.000000,64.000000
241.000000,223.000000,80.000000,64.000000
225.000000,210.000000,80.000000,64.000000
214.000000,200.000000,80.000000,64.000000
196.000000,193.000000,80.000000,64.000000
176.000000,182.000000,80.000000,64.000000
154.000000,164.000000,80.000000,64.000000
128.000000,163.000000,80.000000,64.000000
120.000000,154.000000,80.000000,64.000000
111.000000,141.000000,80.000000,64.000000
104.000000,132.000000,80.000000,64.000000
89.000000,142.000000,80.000000,64.000000
98.000000,157.000000,80.000000,64.000000
111.000000,183.000000,80.000000,64.000000
118.000000,186.000000,80.000000,64.000000
116.000000,168.000000,80.000000,64.000000
115.000000,172.000000,80.000000,64.000000
115.000000,185.000000,80.000000,64.000000
118.000000,205.000000,80.000000,64.000000
133.000000,220.000000,80.000000,64.000000
160.000000,239.000000,80.000000,64.000000
183.000000,226.000000,80.000000,64.000000
2
0
0
0
0
1
146.000000,72.000000,43.000000,72.000000
146.000000,66.000000,43.000000,72.000000
154.000000,74.000000,43.000000,72.000000
160.000000,76.000000,43.000000,72.000000
162.000000,75.000000,43.000000,72.000000
161.000000,75.000000,43.000000,72.000000
171.000000,76.000000,43.000000,72.000000
189.000000,79.000000,43.000000,72.000000
197.000000,72.000000,43.000000,72.000000
191.000000,66.000000,43.000000,72.000000
184.000000,62.000000,43.000000,72.000000
178.000000,65.000000,43.000000,72.000000
176.000000,65.000000,43.000000,72.000000
158.000000,62.000000,43.000000,72.000000
139.000000,73.000000,43.000000,72.000000
129.000000,86.000000,43.000000,72.000000
124.000000,87.000000,43.000000,72.000000
115.000000,103.000000,43.000000,72.000000
108.000000,115.000000,43.000000,72.000000
102.000000,114.000000,43.000000,72.000000
100.000000,114.000000,43.000000,72.000000
101.000000,128.000000,43.000000,72.000000
100.000000,133.000000,43.000000,72.000000
102.000000,138.000000,43.000000,72.000000
111.000000,137.000000,43.000000,72.000000
119.000000,127.000000,43.000000,72.000000
112.000000,121.000000,43.000000,72.000000
109.000000,116.000000,43.000000,72.000000
106.000000,102.000000,43.000000,72.000000
