1
233.000000,155.000000,39.000000,74.000000
234.000000,158.000000,39.000000,74.000000
229.000000,157.000000,39.000000,74.000000
231.000000,163.000000,39.000000,74.000000
231.000000,168.000000,39.000000,74.000000
229.000000,177.000000,39.000000,74.000000
217.000000,179.000000,39.000000,74.000000
224.000000,192.000000,39.000000,74.000000
237.000000,211.000000,39.000000,74.000000
262.000000,238.000000,39.000000,74.000000
259.000000,264.000000,39.000000,74.000000
237.000000,279.000000,39.000000,74.000000
231.000000,282.000000,39.000000,74.000000
213.000000,295.000000,39.000000,74.000000
184.000000,289.000000,39.000000,74.000000
167.000000,279.000000,39.000000,74.000000
145.000000,272.000000,39.000000,74.000000
142.000000,266.000000,39.000000,74.000000
122.000000,270.000000,39.000000,74.000000
100.000000,261.000000,39.000000,74.000000
93.000000,254.000000,39.000000,74.000000
62.000000,263.000000,39.000000,74.000000
39.000000,257.000000,39.000000,74.000000
55.000000,241.000000,39.000000,74.000000
61.000000,233.000000,39.000000,74.000000
92.000000,252.000000,39.000000,74.000000
2
0
0
0
0
1
237.000000,264.000000,80.000000,64.000000
242.000000,267.000000,80.000000,64.000000
257.000000,271.000000,80.000000,64.000000
263.000000,272.000000,80.000000,64.000000
278.000000,277.000000,80.000000,64.000000
296.000000,283.000000,80.000000,64.000000
317.000000,286.000000,80.000000,64.000000
328.000000,296.000000,80.000000,64.000000
329.000000,299.000000,80.000000,64.000000
324.000000,301.000000,80.000000,64.000000
342.000000,311.000000,80.000000,64.000000
365.000000,326.000000,80.000000,64.000000
363.000000,325.000000,80.000000,64.000000
360.000000,317.000000,80.000000,64.000000
372.000000,323.000000,80.000000,64.000000
393.000000,330.000000,80.000000,64.000000
407.000000,334.000000,80.000000,64.000000
424.000000,336.000000,80.000000,64.000000
432.000000,351.000000,80.000000,64.000000
437.000000,354.000000,80.000000,64.000000
413.000000,344.000000,80.000000,64.000000
385.000000,330.000000,80.000000,64.000000
381.000000,305.000000,80.000000,64.000000
365.000000,290.000000,80.000000,64.000000
357.000000,278.000000,80.000000,64.000000
338.000000,269.000000,80.000000,64.000000
319.000000,263.000000,80.000000,64.000000
301.000000,261.000000,80.000000,64.000000
284.000000,256.000000,80.000000,64.000000
278.000000,246.000000,80.000000,64.000000
258.000000,236.000000,80.000000,64.000000
239.000000,220.000000,80.000000,64.000000
227.000000,210.000000,80.000000,64.000000
214.000000,201.000000,80.000000,64.000000
196.000000,193.000000,80.000000,64.000000
174.000000,183.000000,80.000000,64.000000
150.000000,171.000000,80.000000,64.000000
126.000000,162.000000,80.000000,64.000000
120.000000,153.000000,80.000000,64.000000
111.000000,142.000000,80.000000,64.000000
103.000000,134.000000,80.000000,64.000000
91.000000,140.000000,80.000000,64.000000
100.000000,156.000000,80.000000,64.000000
112.000000,180.000000,80.000000,64.000000
118.000000,187.000000,80.000000,64.000000
115.000000,169.000000,80.000000,64.000000
113.000000,171.000000,80.000000,64.000000
117.000000,186.000000,80.000000,64.000000
118.000000,206.000000,80.000000,64.000000
132.000000,223.000000,80.000000,64.000000
158.000000,227.000000,80.000000,64.000000
186.000000,223.000000,80.000000,64.000000
206.000000,240.000000,80.000000,64.000000
2
0
0
0
0
1
143.000000,61.000000,50.000000,81.000000
151.000000,68.000000,50.000000,81.000000
157.000000,71.000000,50.000000,81.000000
160.000000,71.000000,50.000000,81.000000
158.000000,73.000000,50.000000,81.000000
169.000000,72.000000,50.000000,81.000000
185.000000,73.000000,50.000000,81.000000
192.000000,68.000000,50.000000,81.000000
187.000000,63.000000,50.000000,81.000000
180.000000,59.000000,50.000000,81.000000
173.000000,59.000000,50.000000,81.000000
170.000000,58.000000,50.000000,81.000000
152.000000,59.000000,50.000000,81.000000
132.000000,72.000000,50.000000,81.000000
125.000000,73.000000,50.000000,81.000000
119.000000,80.000000,50.000000,81.000000
111.000000,96.000000,50.000000,81.000000
104.000000,106.000000,50.000000,81.000000
98.000000,109.000000,50.000000,81.000000
96.000000,107.000000,50.000000,81.000000
99.000000,123.000000,50.000000,81.000000
97.000000,129.000000,50.000000,81.000000
98.000000,133.000000,50.000000,81.000000
107.000000,130.000000,50.000000,81.000000
115.000000,120.000000,50.000000,81.000000
109.000000,115.000000,50.000000,81.000000
104.000000,110.000000,50.000000,81.000000
101.000000,96.000000,50.000000,81.000000
