1
232.000000,154.000000,39.000000,74.000000
234.000000,159.000000,39.000000,74.000000
229.000000,158.000000,39.000000,74.000000
231.000000,163.000000,39.000000,74.000000
231.000000,170.000000,39.000000,74.000000
229.000000,176.000000,39.000000,74.000000
218.000000,181.000000,39.000000,74.000000
225.000000,195.000000,39.000000,74.000000
238.000000,212.000000,39.000000,74.000000
247.000000,250.000000,39.000000,74.000000
258.000000,275.000000,39.000000,74.000000
239.000000,277.000000,39.000000,74.000000
232.000000,282.000000,39.000000,74.000000
217.000000,296.000000,39.000000,74.000000
190.000000,288.000000,39.000000,74.000000
160.000000,287.000000,39.000000,74.000000
144.000000,271.000000,39.000000,74.000000
147.000000,266.000000,39.000000,74.000000
119.000000,270.000000,39.000000,74.000000
93.000000,257.000000,39.000000,74.000000
2
0
0
0
0
1
140.000000,248.000000,54.000000,50.000000
168.000000,252.000000,54.000000,50.000000
195.000000,274.000000,54.000000,50.000000
221.000000,262.000000,54.000000,50.000000
239.000000,266.000000,54.000000,50.000000
239.000000,270.000000,54.000000,50.000000
247.000000,276.000000,54.000000,50.000000
251.000000,279.000000,54.000000,50.000000
262.000000,283.000000,54.000000,50.000000
272.000000,286.000000,54.000000,50.000000
287.000000,290.000000,54.000000,50.000000
310.000000,296.000000,54.000000,50.000000
327.000000,297.000000,54.000000,50.000000
339.000000,305.000000,54.000000,50.000000
341.000000,311.000000,54.000000,50.000000
334.000000,313.000000,54.000000,50.000000
350.000000,324.000000,54.000000,50.000000
370.000000,339.000000,54.000000,50.000000
371.000000,337.000000,54.000000,50.000000
363.000000,327.000000,54.000000,50.000000
378.000000,333.000000,54.000000,50.000000
396.000000,339.000000,54.000000,50.000000
408.000000,341.000000,54.000000,50.000000
425.000000,347.000000,54.000000,50.000000
433.000000,358.000000,54.000000,50.000000
438.000000,360.000000,54.000000,50.000000
418.000000,354.000000,54.000000,50.000000
387.000000,341.000000,54.000000,50.000000
387.000000,313.000000,54.000000,50.000000
368.000000,299.000000,54.000000,50.000000
364.000000,288.000000,54.000000,50.000000
345.000000,281.000000,54.000000,50.000000
327.000000,276.000000,54.000000,50.000000
309.000000,271.000000,54.000000,50.000000
293.000000,269.000000,54.000000,50.000000
284.000000,259.000000,54.000000,50.000000
268.000000,249.000000,54.000000,50.000000
246.000000,235.000000,54.000000,50.000000
234.000000,222.000000,54.000000,50.000000
218.000000,213.000000,54.000000,50.000000
204.000000,207.000000,54.000000,50.000000
175.000000,195.000000,54.000000,50.000000
157.000000,180.000000,54.000000,50.000000
138.000000,174.000000,54.000000,50.000000
126.000000,166.000000,54.000000,50.000000
121.000000,153.000000,54.000000,50.000000
110.000000,147.000000,54.000000,50.000000
98.000000,155.000000,54.000000,50.000000
108.000000,172.000000,54.000000,50.000000
124.000000,192.000000,54.000000,50.000000
128.000000,200.000000,54.000000,50.000000
128.000000,185.000000,54.000000,50.000000
121.000000,185.000000,54.000000,50.000000
124.000000,198.000000,54.000000,50.000000
125.000000,209.000000,54.000000,50.000000
138.000000,224.000000,54.000000,50.000000
171.000000,233.000000,54.000000,50.000000
195.000000,227.000000,54.000000,50.000000
214.000000,240.000000,54.000000,50.000000
2
0
0
0
0
1
144.000000,62.000000,50.000000,81.000000
152.000000,68.000000,50.000000,81.000000
158.000000,71.000000,50.000000,81.000000
160.000000,70.000000,50.000000,81.000000
159.000000,73.000000,50.000000,81.000000
168.000000,74.000000,50.000000,81.000000
186.000000,72.000000,50.000000,81.000000
192.000000,68.000000,50.000000,81.000000
187.000000,66.000000,50.000000,81.000000
181.000000,58.000000,50.000000,81.000000
174.000000,62.000000,50.000000,81.000000
171.000000,61.000000,50.000000,81.000000
152.000000,61.000000,50.000000,81.000000
133.000000,68.000000,50.000000,81.000000
125.000000,74.000000,50.000000,81.000000
120.000000,82.000000,50.000000,81.000000
111.000000,95.000000,50.000000,81.000000
103.000000,107.000000,50.000000,81.000000
98.000000,107.000000,50.000000,81.000000
96.000000,108.000000,50.000000,81.000000
98.000000,124.000000,50.000000,81.000000
98.000000,128.000000,50.000000,81.000000
99.000000,132.000000,50.000000,81.000000
108.000000,130.000000,50.000000,81.000000
116.000000,121.000000,50.000000,81.000000
109.000000,114.000000,50.000000,81.000000
105.000000,111.000000,50.000000,81.000000
103.000000,98.000000,50.000000,81.000000
