1
235.000000,156.000000,39.000000,74.000000
233.000000,158.000000,39.000000,74.000000
229.000000,158.000000,39.000000,74.000000
232.000000,163.000000,39.000000,74.000000
232.000000,170.000000,39.000000,74.000000
228.000000,176.000000,39.000000,74.000000
218.000000,181.000000,39.000000,74.000000
225.000000,194.000000,39.000000,74.000000
244.000000,216.000000,39.000000,74.000000
266.000000,241.000000,39.000000,74.000000
261.000000,274.000000,39.000000,74.000000
240.000000,275.000000,39.000000,74.000000
231.000000,282.000000,39.000000,74.000000
214.000000,294.000000,39.000000,74.000000
188.000000,293.000000,39.000000,74.000000
162.000000,278.000000,39.000000,74.000000
146.000000,277.000000,39.000000,74.000000
148.000000,266.000000,39.000000,74.000000
115.000000,267.000000,39.000000,74.000000
99.000000,256.000000,39.000000,74.000000
93.000000,253.000000,39.000000,74.000000
43.000000,256.000000,39.000000,74.000000
38.000000,247.000000,39.000000,74.000000
53.000000,245.000000,39.000000,74.000000
61.000000,234.000000,39.000000,74.000000
92.000000,235.000000,39.000000,74.000000
2
0
0
0
0
1
237.000000,263.000000,80.000000,64.000000
242.000000,266.000000,80.000000,64.000000
254.000000,271.000000,80.000000,64.000000
263.000000,274.000000,80.000000,64.000000
278.000000,277.000000,80.000000,64.000000
299.000000,283.000000,80.000000,64.000000
317.000000,285.000000,80.000000,64.000000
329.000000,297.000000,80.000000,64.000000
329.000000,298.000000,80.000000,64.000000
325.000000,301.000000,80.000000,64.000000
341.000000,310.000000,80.000000,64.000000
367.000000,327.000000,80.000000,64.000000
363.000000,325.000000,80.000000,64.000000
359.000000,317.000000,80.000000,64.000000
370.000000,321.000000,80.000000,64.000000
394.000000,329.000000,80.000000,64.000000
408.000000,333.000000,80.000000,64.000000
423.000000,336.000000,80.000000,64.000000
433.000000,351.000000,80.000000,64.000000
437.000000,355.000000,80.000000,64.000000
411.000000,345.000000,80.000000,64.000000
394.000000,329.000000,80.000000,64.000000
387.000000,300.000000,80.000000,64.000000
369.000000,289.000000,80.000000,64.000000
357.000000,279.000000,80.000000,64.000000
336.000000,272.000000,80.000000,64.000000
320.000000,262.000000,80.000000,64.000000
301.000000,262.000000,80.000000,64.000000
286.000000,256.000000,80.000000,64.000000
278.000000,246.000000,80.000000,64.000000
260.000000,237.000000,80.000000,64.000000
239.000000,227.000000,80.000000,64.000000
227.000000,212.000000,80.000000,64.000000
213.000000,200.000000,80.000000,64.000000
198.000000,193.000000,80.000000,64.000000
174.000000,185.000000,80.000000,64.000000
154.000000,168.000000,80.000000,64.000000
130.000000,161.000000,80.000000,64.000000
122.000000,155.000000,80.000000,64.000000
112.000000,139.000000,80.000000,64.000000
103.000000,133.000000,80.000000,64.000000
90.000000,142.000000,80.000000,64.000000
97.000000,158.000000,80.000000,64.000000
108.000000,190.000000,80.000000,64.000000
118.000000,188.000000,80.000000,64.000000
116.000000,170.000000,80.000000,64.000000
114.000000,172.000000,80.000000,64.000000
117.000000,186.000000,80.000000,64.000000
119.000000,205.000000,80.000000,64.000000
131.000000,223.000000,80.000000,64.000000
164.000000,231.000000,80.000000,64.000000
187.000000,219.000000,80.000000,64.000000
204.000000,237.000000,80.000000,64.000000
2
0
0
0
0
1
144.000000,62.000000,50.000000,81.000000
150.000000,67.000000,50.000000,81.000000
157.000000,71.000000,50.000000,81.000000
160.000000,68.000000,50.000000,81.000000
160.000000,71.000000,50.000000,81.000000
168.000000,72.000000,50.000000,81.000000
187.000000,71.000000,50.000000,81.000000
193.000000,69.000000,50.000000,81.000000
187.000000,67.000000,50.000000,81.000000
180.000000,59.000000,50.000000,81.000000
173.000000,60.000000,50.000000,81.000000
170.000000,58.000000,50.000000,81.000000
152.000000,65.000000,50.000000,81.000000
134.000000,64.000000,50.000000,81.000000
125.000000,73.000000,50.000000,81.000000
119.000000,81.000000,50.000000,81.000000
112.000000,95.000000,50.000000,81.000000
104.000000,110.000000,50.000000,81.000000
98.000000,108.000000,50.000000,81.000000
96.000000,108.000000,50.000000,81.000000
97.000000,125.000000,50.000000,81.000000
97.000000,127.000000,50.000000,81.000000
99.000000,132.000000,50.000000,81.000000
108.000000,131.000000,50.000000,81.000000
116.000000,121.000000,50.000000,81.000000
108.000000,116.000000,50.000000,81.000000
104.000000,110.000000,50.000000,81.000000
102.000000,95.000000,50.000000,81.000000
