1
234.000000,158.000000,39.000000,74.000000
234.000000,158.000000,39.000000,74.000000
230.000000,158.000000,39.000000,74.000000
231.000000,163.000000,39.000000,74.000000
231.000000,169.000000,39.000000,74.000000
230.000000,177.000000,39.000000,74.000000
218.000000,180.000000,39.000000,74.000000
223.000000,195.000000,39.000000,74.000000
238.000000,214.000000,39.000000,74.000000
256.000000,243.000000,39.000000,74.000000
263.000000,270.000000,39.000000,74.000000
236.000000,278.000000,39.000000,74.000000
233.000000,283.000000,39.000000,74.000000
213.000000,292.000000,39.000000,74.000000
189.000000,292.000000,39.000000,74.000000
164.000000,280.000000,39.000000,74.000000
146.000000,275.000000,39.000000,74.000000
130.000000,264.000000,39.000000,74.000000
121.000000,268.000000,39.000000,74.000000
99.000000,258.000000,39.000000,74.000000
93.000000,253.000000,39.000000,74.000000
62.000000,251.000000,39.000000,74.000000
37.000000,253.000000,39.000000,74.000000
55.000000,243.000000,39.000000,74.000000
63.000000,231.000000,39.000000,74.000000
98.000000,239.000000,39.000000,74.000000
2
0
0
0
0
1
237.000000,264.000000,80.000000,64.000000
244.000000,267.000000,80.000000,64.000000
256.000000,271.000000,80.000000,64.000000
262.000000,272.000000,80.000000,64.000000
278.000000,278.000000,80.000000,64.000000
297.000000,284.000000,80.000000,64.000000
317.000000,286.000000,80.000000,64.000000
328.000000,296.000000,80.000000,64.000000
328.000000,298.000000,80.000000,64.000000
325.000000,301.000000,80.000000,64.000000
346.000000,309.000000,80.000000,64.000000
363.000000,326.000000,80.000000,64.000000
362.000000,325.000000,80.000000,64.000000
359.000000,316.000000,80.000000,64.000000
372.000000,321.000000,80.000000,64.000000
393.000000,332.000000,80.000000,64.000000
408.000000,334.000000,80.000000,64.000000
423.000000,335.000000,80.000000,64.000000
430.000000,349.000000,80.000000,64.000000
437.000000,353.000000,80.000000,64.000000
408.000000,347.000000,80.000000,64.000000
396.000000,321.000000,80.000000,64.000000
376.000000,301.000000,80.000000,64.000000
363.000000,289.000000,80.000000,64.000000
355.000000,278.000000,80.000000,64.000000
335.000000,270.000000,80.000000,64.000000
318.000000,263.000000,80.000000,64.000000
300.000000,261.000000,80.000000,64.000000
284.000000,258.000000,80.000000,64.000000
276.000000,246.000000,80.000000,64.000000
259.000000,237.000000,80.000000,64.000000
233.000000,224.000000,80.000000,64.000000
226.000000,210.000000,80.000000,64.000000
213.000000,200.000000,80.000000,64.000000
196.000000,193.000000,80.000000,64.000000
175.000000,182.000000,80.000000,64.000000
154.000000,167.000000,80.000000,64.000000
127.000000,159.000000,80.000000,64.000000
120.000000,153.000000,80.000000,64.000000
109.000000,141.000000,80.000000,64.000000
102.000000,134.000000,80.000000,64.000000
90.000000,143.000000,80.000000,64.000000
98.000000,156.000000,80.000000,64.000000
111.000000,183.000000,80.000000,64.000000
116.000000,186.000000,80.000000,64.000000
116.000000,167.000000,80.000000,64.000000
113.000000,172.000000,80.000000,64.000000
116.000000,185.000000,80.000000,64.000000
118.000000,203.000000,80.000000,64.000000
134.000000,224.000000,80.000000,64.000000
167.000000,230.000000,80.000000,64.000000
186.000000,218.000000,80.000000,64.000000
200.000000,241.000000,80.000000,64.000000
2
0
0
0
0
1
144.000000,61.000000,50.000000,81.000000
151.000000,69.000000,50.000000,81.000000
157.000000,70.000000,50.000000,81.000000
159.000000,70.000000,50.000000,81.000000
159.000000,72.000000,50.000000,81.000000
169.000000,73.000000,50.000000,81.000000
185.000000,74.000000,50.000000,81.000000
193.000000,69.000000,50.000000,81.000000
187.000000,66.000000,50.000000,81.000000
181.000000,57.000000,50.000000,81.000000
173.000000,59.000000,50.000000,81.000000
170.000000,61.000000,50.000000,81.000000
152.000000,67.000000,50.000000,81.000000
133.000000,67.000000,50.000000,81.000000
124.000000,73.000000,50.000000,81.000000
119.000000,82.000000,50.000000,81.000000
111.000000,97.000000,50.000000,81.000000
103.000000,108.000000,50.000000,81.000000
98.000000,107.000000,50.000000,81.000000
96.000000,106.000000,50.000000,81.000000
98.000000,124.000000,50.000000,81.000000
97.000000,129.000000,50.000000,81.000000
99.000000,132.000000,50.000000,81.000000
107.000000,131.000000,50.000000,81.000000
115.000000,121.000000,50.000000,81.000000
109.000000,115.000000,50.000000,81.000000
104.000000,110.000000,50.000000,81.000000
102.000000,97.000000,50.000000,81.000000
