1
232.000000,155.000000,39.000000,74.000000
232.000000,158.000000,39.000000,74.000000
229.000000,157.000000,39.000000,74.000000
230.000000,163.000000,39.000000,74.000000
231.000000,168.000000,39.000000,74.000000
230.000000,175.000000,39.000000,74.000000
218.000000,181.000000,39.000000,74.000000
224.000000,195.000000,39.000000,74.000000
243.000000,213.000000,39.000000,74.000000
266.000000,235.000000,39.000000,74.000000
264.000000,268.000000,39.000000,74.000000
238.000000,277.000000,39.000000,74.000000
232.000000,281.000000,39.000000,74.000000
213.000000,294.000000,39.000000,74.000000
184.000000,296.000000,39.000000,74.000000
167.000000,277.000000,39.000000,74.000000
145.000000,272.000000,39.000000,74.000000
143.000000,266.000000,39.000000,74.000000
120.000000,267.000000,39.000000,74.000000
98.000000,260.000000,39.000000,74.000000
92.000000,253.000000,39.000000,74.000000
63.000000,258.000000,39.000000,74.000000
37.000000,249.000000,39.000000,74.000000
52.000000,245.000000,39.000000,74.000000
62.000000,227.000000,39.000000,74.000000
93.000000,214.000000,39.000000,74.000000
2
0
0
0
0
1
237.000000,263.000000,80.000000,64.000000
242.000000,266.000000,80.000000,64.000000
254.000000,271.000000,80.000000,64.000000
262.000000,272.000000,80.000000,64.000000
277.000000,277.000000,80.000000,64.000000
298.000000,281.000000,80.000000,64.000000
316.000000,284.000000,80.000000,64.000000
330.000000,296.000000,80.000000,64.000000
328.000000,298.000000,80.000000,64.000000
325.000000,301.000000,80.000000,64.000000
343.000000,310.000000,80.000000,64.000000
365.000000,323.000000,80.000000,64.000000
362.000000,325.000000,80.000000,64.000000
359.000000,317.000000,80.000000,64.000000
370.000000,322.000000,80.000000,64.000000
392.000000,329.000000,80.000000,64.000000
408.000000,334.000000,80.000000,64.000000
422.000000,337.000000,80.000000,64.000000
430.000000,350.000000,80.000000,64.000000
437.000000,354.000000,80.000000,64.000000
415.000000,346.000000,80.000000,64.000000
391.000000,329.000000,80.000000,64.000000
379.000000,305.000000,80.000000,64.000000
365.000000,291.000000,80.000000,64.000000
357.000000,278.000000,80.000000,64.000000
337.000000,273.000000,80.000000,64.000000
321.000000,264.000000,80.000000,64.000000
303.000000,259.000000,80.000000,64.000000
284.000000,257.000000,80.000000,64.000000
276.000000,246.000000,80.000000,64.000000
258.000000,235.000000,80.000000,64.000000
239.000000,223.000000,80.000000,64.000000
227.000000,209.000000,80.000000,64.000000
214.000000,201.000000,80.000000,64.000000
199.000000,194.000000,80.000000,64.000000
174.000000,185.000000,80.000000,64.000000
152.000000,166.000000,80.000000,64.000000
128.000000,162.000000,80.000000,64.000000
121.000000,154.000000,80.000000,64.000000
112.000000,141.000000,80.000000,64.000000
102.000000,133.000000,80.000000,64.000000
91.000000,142.000000,80.000000,64.000000
99.000000,156.000000,80.000000,64.000000
116.000000,183.000000,80.000000,64.000000
117.000000,187.000000,80.000000,64.000000
116.000000,168.000000,80.000000,64.000000
114.000000,172.000000,80.000000,64.000000
117.000000,186.000000,80.000000,64.000000
120.000000,207.000000,80.000000,64.000000
132.000000,222.000000,80.000000,64.000000
159.000000,231.000000,80.000000,64.000000
183.000000,217.000000,80.000000,64.000000
212.000000,235.000000,80.000000,64.000000
2
0
0
0
0
1
144.000000,62.000000,50.000000,81.000000
151.000000,68.000000,50.000000,81.000000
157.000000,72.000000,50.000000,81.000000
160.000000,71.000000,50.000000,81.000000
158.000000,72.000000,50.000000,81.000000
168.000000,72.000000,50.000000,81.000000
186.000000,71.000000,50.000000,81.000000
191.000000,69.000000,50.000000,81.000000
186.000000,67.000000,50.000000,81.000000
181.000000,57.000000,50.000000,81.000000
173.000000,60.000000,50.000000,81.000000
170.000000,60.000000,50.000000,81.000000
153.000000,65.000000,50.000000,81.000000
133.000000,73.000000,50.000000,81.000000
125.000000,74.000000,50.000000,81.000000
119.000000,80.000000,50.000000,81.000000
112.000000,95.000000,50.000000,81.000000
104.000000,108.000000,50.000000,81.000000
98.000000,109.000000,50.000000,81.000000
96.000000,107.000000,50.000000,81.000000
97.000000,125.000000,50.000000,81.000000
97.000000,129.000000,50.000000,81.000000
99.000000,133.000000,50.000000,81.000000
108.000000,132.000000,50.000000,81.000000
115.000000,121.000000,50.000000,81.000000
108.000000,116.000000,50.000000,81.000000
104.000000,110.000000,50.000000,81.000000
102.000000,98.000000,50.000000,81.000000
