1
496.0000,419.0000,40.0000,42.0000
496.0000,419.0000,40.0000,42.0000
496.0000,419.0000,40.0000,42.0000
496.0000,419.0000,40.0000,42.0000
2
0
0
0
0
1
501.1200,391.5800,48.6400,47.6800
501.1200,391.5800,48.6400,47.6800
501.1200,391.5800,48.6400,47.6800
501.1200,391.5800,48.6400,47.6800
501.1200,391.5800,48.6400,47.6800
501.1200,391.5800,48.6400,47.6800
2
0
0
0
0
1
512.0400,299.6500,40.0900,39.7400
512.0400,299.6500,40.0900,39.7400
512.0400,299.6500,40.0900,39.7400
512.0400,299.6500,40.0900,39.7400
2
0
0
0
0
1
516.5300,432.8800,44.7400,43.6900
2
0
0
0
0
1
531.4800,329.6900,43.0800,44.6800
531.4800,329.6900,43.0800,44.6800
531.4800,329.6900,43.0800,44.6800
531.4800,329.6900,43.0800,44.6800
531.4800,329.6900,43.0800,44.6800
531.4800,329.6900,43.0800,44.6800
2
0
0
0
0
1
524.8200,298.2700,60.1700,58.6800
524.8200,298.2700,60.1700,58.6800
524.8200,298.2700,60.1700,58.6800
2
0
0
0
0
1
469.0000,250.0000,43.0000,42.0000
469.0000,250.0000,43.0000,42.0000
469.0000,250.0000,43.0000,42.0000
2
0
0
0
0
1
406.0000,367.0000,50.0000,42.0000
406.0000,367.0000,50.0000,42.0000
406.0000,367.0000,50.0000,42.0000
406.0000,367.0000,50.0000,42.0000
406.0000,367.0000,50.0000,42.0000
406.0000,367.0000,50.0000,42.0000
406.0000,367.0000,50.0000,42.0000
406.0000,367.0000,50.0000,42.0000
406.0000,367.0000,50.0000,42.0000
406.0000,367.0000,50.0000,42.0000
2
0
0
0
0
1
388.7700,407.2200,38.8700,43.6600
388.7700,407.2200,38.8700,43.6600
388.7700,407.2200,38.8700,43.6600
388.7700,407.2200,38.8700,43.6600
388.7700,407.2200,38.8700,43.6600
388.7700,407.2200,38.8700,43.6600
388.7700,407.2200,38.8700,43.6600
388.7700,407.2200,38.8700,43.6600
388.7700,407.2200,38.8700,43.6600
388.7700,407.2200,38.8700,43.6600
388.7700,407.2200,38.8700,43.6600
388.7700,407.2200,38.8700,43.6600
2
0
0
0
0
1
425.9800,358.9800,47.5900,45.7800
