0.6897
0.6897
0.6897
0.6897
0.6897
0.6897
0.6897
0.6897
0.6897
0.6897
0.6897
0.6897
0.6897
0.6897
0.6897
0.6897
0.6897
0.6897
0.6897
0.6897
0.6897
0.6897
0.6897
0.6897
0.6897
0.6897
0.6897
0.6897
0.6897
0.6897
0.6897
0.6897
0.6897
0.6897
0.6897
0.6897
0.6897
0.6897
0.6897
0.6897
0.6897
0.6897
0.6897
0.6897
0.6897
0.6897
0.6897
0.6897
0.6897
0.6897
0.6897
0.6897
0.6897
0.6897
0.6897
0.6897
0.6897
0.6897
0.6897
0.6897
0.6897
0.6897
0.6897
0.6897
0.6897
0.6897
0.6897
0.6897
0.6897
0.6897
0.6897
0.6897
0.6897
0.6897
0.6897
0.6897
