1
172.000000,59.000000,88.000000,64.000000
158.000000,88.000000,88.000000,64.000000
132.000000,114.000000,88.000000,64.000000
107.000000,125.000000,88.000000,64.000000
77.000000,130.000000,88.000000,64.000000
77.000000,144.000000,88.000000,64.000000
75.000000,151.000000,88.000000,64.000000
78.000000,155.000000,88.000000,64.000000
113.000000,151.000000,88.000000,64.000000
135.000000,144.000000,88.000000,64.000000
159.000000,132.000000,88.000000,64.000000
183.000000,125.000000,88.000000,64.000000
212.000000,125.000000,88.000000,64.000000
242.000000,141.000000,88.000000,64.000000
274.000000,148.000000,88.000000,64.000000
306.000000,141.000000,88.000000,64.000000
304.000000,146.000000,88.000000,64.000000
306.000000,155.000000,88.000000,64.000000
327.000000,143.000000,88.000000,64.000000
349.000000,156.000000,88.000000,64.000000
365.000000,166.000000,88.000000,64.000000
372.000000,177.000000,88.000000,64.000000
374.000000,182.000000,88.000000,64.000000
378.000000,179.000000,88.000000,64.000000
361.000000,163.000000,88.000000,64.000000
349.000000,144.000000,88.000000,64.000000
326.000000,137.000000,88.000000,64.000000
302.000000,131.000000,88.000000,64.000000
280.000000,138.000000,88.000000,64.000000
255.000000,145.000000,88.000000,64.000000
251.000000,148.000000,88.000000,64.000000
235.000000,149.000000,88.000000,64.000000
219.000000,148.000000,88.000000,64.000000
206.000000,139.000000,88.000000,64.000000
197.000000,134.000000,88.000000,64.000000
175.000000,133.000000,88.000000,64.000000
169.000000,134.000000,88.000000,64.000000
163.000000,129.000000,88.000000,64.000000
169.000000,126.000000,88.000000,64.000000
168.000000,118.000000,88.000000,64.000000
170.000000,122.000000,88.000000,64.000000
167.000000,133.000000,88.000000,64.000000
173.000000,138.000000,88.000000,64.000000
190.000000,140.000000,88.000000,64.000000
206.000000,142.000000,88.000000,64.000000
225.000000,135.000000,88.000000,64.000000
240.000000,142.000000,88.000000,64.000000
263.000000,133.000000,88.000000,64.000000
289.000000,135.000000,88.000000,64.000000
302.000000,133.000000,88.000000,64.000000
289.000000,133.000000,88.000000,64.000000
310.000000,129.000000,88.000000,64.000000
332.000000,133.000000,88.000000,64.000000
311.000000,140.000000,88.000000,64.000000
312.000000,150.000000,88.000000,64.000000
320.000000,143.000000,88.000000,64.000000
331.000000,146.000000,88.000000,64.000000
324.000000,146.000000,88.000000,64.000000
312.000000,145.000000,88.000000,64.000000
315.000000,136.000000,88.000000,64.000000
314.000000,140.000000,88.000000,64.000000
312.000000,143.000000,88.000000,64.000000
334.000000,139.000000,88.000000,64.000000
306.000000,148.000000,88.000000,64.000000
300.000000,153.000000,88.000000,64.000000
300.000000,153.000000,88.000000,64.000000
298.000000,153.000000,88.000000,64.000000
314.000000,154.000000,88.000000,64.000000
311.000000,151.000000,88.000000,64.000000
308.000000,155.000000,88.000000,64.000000
312.000000,154.000000,88.000000,64.000000
304.000000,155.000000,88.000000,64.000000
303.000000,152.000000,88.000000,64.000000
294.000000,158.000000,88.000000,64.000000
309.000000,152.000000,88.000000,64.000000
323.000000,150.000000,88.000000,64.000000
313.000000,153.000000,88.000000,64.000000
327.000000,152.000000,88.000000,64.000000
2
0
0
0
0
1
235.000000,162.000000,44.000000,55.000000
243.000000,158.000000,44.000000,55.000000
259.000000,152.000000,44.000000,55.000000
274.000000,152.000000,44.000000,55.000000
298.000000,159.000000,44.000000,55.000000
316.000000,166.000000,44.000000,55.000000
322.000000,162.000000,44.000000,55.000000
334.000000,159.000000,44.000000,55.000000
335.000000,153.000000,44.000000,55.000000
346.000000,153.000000,44.000000,55.000000
348.000000,154.000000,44.000000,55.000000
356.000000,159.000000,44.000000,55.000000
357.000000,160.000000,44.000000,55.000000
2
0
0
0
0
1
315.000000,162.000000,36.000000,65.000000
287.000000,189.000000,36.000000,65.000000
2
0
0
0
0
1
175.000000,206.000000,49.000000,63.000000
197.000000,209.000000,49.000000,63.000000
222.000000,216.000000,49.000000,63.000000
242.000000,220.000000,49.000000,63.000000
266.000000,218.000000,49.000000,63.000000
293.000000,209.000000,49.000000,63.000000
332.000000,200.000000,49.000000,63.000000
323.000000,210.000000,49.000000,63.000000
319.000000,210.000000,49.000000,63.000000
308.000000,202.000000,49.000000,63.000000
298.000000,231.000000,49.000000,63.000000
2
0
0
0
0
1
276.000000,200.000000,102.000000,73.000000
273.000000,198.000000,102.000000,73.000000
271.000000,194.000000,102.000000,73.000000
269.000000,197.000000,102.000000,73.000000
272.000000,198.000000,102.000000,73.000000
278.000000,190.000000,102.000000,73.000000
284.000000,184.000000,102.000000,73.000000
293.000000,187.000000,102.000000,73.000000
290.000000,183.000000,102.000000,73.000000
284.000000,182.000000,102.000000,73.000000
285.000000,180.000000,102.000000,73.000000
282.000000,175.000000,102.000000,73.000000
259.000000,168.000000,102.000000,73.000000
252.000000,162.000000,102.000000,73.000000
251.000000,155.000000,102.000000,73.000000
251.000000,152.000000,102.000000,73.000000
252.000000,154.000000,102.000000,73.000000
242.000000,149.000000,102.000000,73.000000
246.000000,150.000000,102.000000,73.000000
240.000000,147.000000,102.000000,73.000000
251.000000,149.000000,102.000000,73.000000
250.000000,146.000000,102.000000,73.000000
252.000000,156.000000,102.000000,73.000000
243.000000,147.000000,102.000000,73.000000
250.000000,148.000000,102.000000,73.000000
255.000000,154.000000,102.000000,73.000000
255.000000,146.000000,102.000000,73.000000
288.000000,132.000000,102.000000,73.000000
298.000000,138.000000,102.000000,73.000000
323.000000,141.000000,102.000000,73.000000
335.000000,142.000000,102.000000,73.000000
342.000000,136.000000,102.000000,73.000000
349.000000,145.000000,102.000000,73.000000
353.000000,144.000000,102.000000,73.000000
363.000000,160.000000,102.000000,73.000000
362.000000,162.000000,102.000000,73.000000
365.000000,159.000000,102.000000,73.000000
361.000000,159.000000,102.000000,73.000000
352.000000,161.000000,102.000000,73.000000
353.000000,157.000000,102.000000,73.000000
360.000000,154.000000,102.000000,73.000000
367.000000,161.000000,102.000000,73.000000
360.000000,150.000000,102.000000,73.000000
365.000000,148.000000,102.000000,73.000000
380.000000,153.000000,102.000000,73.000000
393.000000,159.000000,102.000000,73.000000
