1
183.000000,338.000000,57.000000,117.000000
189.000000,347.000000,57.000000,117.000000
195.000000,351.000000,57.000000,117.000000
201.000000,355.000000,57.000000,117.000000
211.000000,359.000000,57.000000,117.000000
226.000000,362.000000,57.000000,117.000000
239.000000,362.000000,57.000000,117.000000
253.000000,371.000000,57.000000,117.000000
263.000000,382.000000,57.000000,117.000000
278.000000,367.000000,57.000000,117.000000
288.000000,376.000000,57.000000,117.000000
302.000000,362.000000,57.000000,117.000000
320.000000,355.000000,57.000000,117.000000
338.000000,355.000000,57.000000,117.000000
358.000000,343.000000,57.000000,117.000000
377.000000,359.000000,57.000000,117.000000
391.000000,377.000000,57.000000,117.000000
407.000000,389.000000,57.000000,117.000000
420.000000,390.000000,57.000000,117.000000
439.000000,404.000000,57.000000,117.000000
453.000000,424.000000,57.000000,117.000000
455.000000,412.000000,57.000000,117.000000
453.000000,384.000000,57.000000,117.000000
469.000000,356.000000,57.000000,117.000000
489.000000,361.000000,57.000000,117.000000
509.000000,390.000000,57.000000,117.000000
526.000000,408.000000,57.000000,117.000000
528.000000,408.000000,57.000000,117.000000
527.000000,390.000000,57.000000,117.000000
529.000000,392.000000,57.000000,117.000000
535.000000,381.000000,57.000000,117.000000
543.000000,365.000000,57.000000,117.000000
516.000000,357.000000,57.000000,117.000000
537.000000,337.000000,57.000000,117.000000
571.000000,339.000000,57.000000,117.000000
598.000000,340.000000,57.000000,117.000000
626.000000,350.000000,57.000000,117.000000
613.000000,379.000000,57.000000,117.000000
603.000000,391.000000,57.000000,117.000000
2
0
0
0
0
1
598.000000,155.000000,197.000000,347.000000
580.000000,160.000000,197.000000,347.000000
583.000000,160.000000,197.000000,347.000000
555.000000,183.000000,197.000000,347.000000
562.000000,180.000000,197.000000,347.000000
566.000000,158.000000,197.000000,347.000000
582.000000,136.000000,197.000000,347.000000
598.000000,117.000000,197.000000,347.000000
593.000000,120.000000,197.000000,347.000000
590.000000,117.000000,197.000000,347.000000
566.000000,102.000000,197.000000,347.000000
571.000000,87.000000,197.000000,347.000000
574.000000,79.000000,197.000000,347.000000
576.000000,82.000000,197.000000,347.000000
573.000000,79.000000,197.000000,347.000000
558.000000,81.000000,197.000000,347.000000
579.000000,79.000000,197.000000,347.000000
587.000000,91.000000,197.000000,347.000000
596.000000,88.000000,197.000000,347.000000
602.000000,105.000000,197.000000,347.000000
611.000000,104.000000,193.000000,341.000000
612.000000,122.000000,198.000000,350.000000
632.000000,134.000000,204.000000,359.000000
658.000000,157.000000,204.000000,359.000000
642.000000,169.000000,206.000000,362.000000
620.000000,155.000000,209.000000,368.000000
597.000000,166.000000,211.000000,372.000000
592.000000,188.000000,214.000000,376.000000
587.000000,216.000000,214.000000,377.000000
592.000000,245.000000,216.000000,380.000000
578.000000,236.000000,224.000000,394.000000
572.000000,238.000000,231.000000,408.000000
547.000000,234.000000,234.000000,413.000000
562.000000,224.000000,239.000000,421.000000
526.000000,227.000000,243.000000,427.000000
497.000000,211.000000,244.000000,431.000000
468.000000,201.000000,248.000000,437.000000
2
0
0
0
0
1
725.000000,318.000000,105.000000,336.000000
726.000000,318.000000,105.000000,336.000000
726.000000,327.000000,105.000000,336.000000
723.000000,321.000000,105.000000,336.000000
724.000000,325.000000,105.000000,336.000000
725.000000,320.000000,105.000000,336.000000
726.000000,325.000000,105.000000,336.000000
727.000000,317.000000,105.000000,336.000000
723.000000,313.000000,105.000000,336.000000
720.000000,318.000000,105.000000,336.000000
720.000000,318.000000,105.000000,336.000000
724.000000,321.000000,105.000000,336.000000
728.000000,321.000000,105.000000,336.000000
728.000000,320.000000,105.000000,336.000000
726.000000,320.000000,105.000000,336.000000
726.000000,320.000000,105.000000,336.000000
730.000000,316.000000,105.000000,336.000000
732.000000,326.000000,105.000000,336.000000
730.000000,321.000000,105.000000,336.000000
734.000000,326.000000,105.000000,336.000000
736.000000,320.000000,105.000000,336.000000
734.000000,320.000000,107.000000,341.000000
740.000000,330.000000,107.000000,342.000000
736.000000,318.000000,108.000000,344.000000
733.000000,321.000000,108.000000,347.000000
732.000000,327.000000,108.000000,346.000000
730.000000,334.000000,106.000000,339.000000
729.000000,349.000000,105.000000,336.000000
729.000000,344.000000,102.000000,327.000000
