1
183.000000,340.000000,57.000000,117.000000
189.000000,347.000000,57.000000,117.000000
194.000000,353.000000,57.000000,117.000000
201.000000,357.000000,57.000000,117.000000
211.000000,353.000000,57.000000,117.000000
226.000000,363.000000,57.000000,117.000000
240.000000,365.000000,57.000000,117.000000
252.000000,373.000000,57.000000,117.000000
262.000000,380.000000,57.000000,117.000000
274.000000,370.000000,57.000000,117.000000
286.000000,376.000000,57.000000,117.000000
301.000000,361.000000,57.000000,117.000000
321.000000,356.000000,57.000000,117.000000
338.000000,355.000000,57.000000,117.000000
359.000000,339.000000,57.000000,117.000000
378.000000,355.000000,57.000000,117.000000
393.000000,370.000000,57.000000,117.000000
409.000000,395.000000,57.000000,117.000000
419.000000,388.000000,57.000000,117.000000
438.000000,415.000000,57.000000,117.000000
454.000000,421.000000,57.000000,117.000000
453.000000,415.000000,57.000000,117.000000
453.000000,391.000000,57.000000,117.000000
465.000000,375.000000,57.000000,117.000000
486.000000,358.000000,57.000000,117.000000
513.000000,376.000000,57.000000,117.000000
531.000000,398.000000,57.000000,117.000000
529.000000,409.000000,57.000000,117.000000
531.000000,392.000000,57.000000,117.000000
530.000000,392.000000,57.000000,117.000000
536.000000,380.000000,57.000000,117.000000
546.000000,363.000000,57.000000,117.000000
522.000000,353.000000,57.000000,117.000000
551.000000,342.000000,57.000000,117.000000
585.000000,351.000000,57.000000,117.000000
613.000000,367.000000,57.000000,117.000000
635.000000,374.000000,57.000000,117.000000
613.000000,394.000000,57.000000,117.000000
605.000000,392.000000,57.000000,117.000000
2
0
0
0
0
1
600.000000,163.000000,197.000000,347.000000
582.000000,159.000000,197.000000,347.000000
588.000000,155.000000,197.000000,347.000000
559.000000,173.000000,197.000000,347.000000
559.000000,179.000000,197.000000,347.000000
564.000000,152.000000,197.000000,347.000000
587.000000,126.000000,197.000000,347.000000
595.000000,114.000000,197.000000,347.000000
596.000000,114.000000,197.000000,347.000000
590.000000,122.000000,197.000000,347.000000
571.000000,104.000000,197.000000,347.000000
570.000000,92.000000,197.000000,347.000000
572.000000,73.000000,197.000000,347.000000
569.000000,77.000000,197.000000,347.000000
576.000000,73.000000,197.000000,347.000000
556.000000,81.000000,197.000000,347.000000
578.000000,81.000000,197.000000,347.000000
590.000000,91.000000,197.000000,347.000000
596.000000,85.000000,197.000000,347.000000
602.000000,98.000000,197.000000,347.000000
607.000000,109.000000,194.000000,341.000000
627.000000,130.000000,195.000000,343.000000
635.000000,147.000000,198.000000,349.000000
646.000000,160.000000,202.000000,355.000000
642.000000,189.000000,205.000000,361.000000
605.000000,186.000000,210.000000,369.000000
573.000000,188.000000,210.000000,370.000000
573.000000,222.000000,210.000000,370.000000
569.000000,243.000000,215.000000,378.000000
578.000000,249.000000,219.000000,386.000000
591.000000,250.000000,224.000000,395.000000
588.000000,251.000000,230.000000,404.000000
568.000000,227.000000,233.000000,411.000000
558.000000,209.000000,241.000000,425.000000
529.000000,225.000000,248.000000,437.000000
505.000000,214.000000,251.000000,441.000000
469.000000,209.000000,254.000000,447.000000
2
0
0
0
0
1
727.000000,319.000000,105.000000,336.000000
726.000000,318.000000,105.000000,336.000000
726.000000,322.000000,105.000000,336.000000
724.000000,326.000000,105.000000,336.000000
724.000000,330.000000,105.000000,336.000000
725.000000,322.000000,105.000000,336.000000
725.000000,325.000000,105.000000,336.000000
726.000000,322.000000,105.000000,336.000000
721.000000,318.000000,105.000000,336.000000
721.000000,318.000000,105.000000,336.000000
721.000000,317.000000,105.000000,336.000000
724.000000,321.000000,105.000000,336.000000
727.000000,321.000000,105.000000,336.000000
729.000000,320.000000,105.000000,336.000000
726.000000,320.000000,105.000000,336.000000
727.000000,320.000000,105.000000,336.000000
730.000000,316.000000,105.000000,336.000000
730.000000,326.000000,105.000000,336.000000
734.000000,321.000000,105.000000,336.000000
734.000000,326.000000,105.000000,336.000000
735.000000,312.000000,106.000000,340.000000
738.000000,318.000000,105.000000,338.000000
739.000000,322.000000,106.000000,338.000000
737.000000,326.000000,106.000000,341.000000
735.000000,318.000000,107.000000,343.000000
734.000000,328.000000,107.000000,343.000000
733.000000,324.000000,106.000000,338.000000
731.000000,329.000000,105.000000,336.000000
729.000000,345.000000,104.000000,333.000000
