1
183.000000,338.000000,57.000000,117.000000
188.000000,347.000000,57.000000,117.000000
194.000000,351.000000,57.000000,117.000000
202.000000,359.000000,57.000000,117.000000
210.000000,360.000000,57.000000,117.000000
225.000000,363.000000,57.000000,117.000000
240.000000,363.000000,57.000000,117.000000
254.000000,372.000000,57.000000,117.000000
263.000000,379.000000,57.000000,117.000000
276.000000,368.000000,57.000000,117.000000
286.000000,378.000000,57.000000,117.000000
303.000000,359.000000,57.000000,117.000000
320.000000,355.000000,57.000000,117.000000
339.000000,355.000000,57.000000,117.000000
357.000000,351.000000,57.000000,117.000000
377.000000,364.000000,57.000000,117.000000
393.000000,375.000000,57.000000,117.000000
408.000000,389.000000,57.000000,117.000000
418.000000,390.000000,57.000000,117.000000
440.000000,415.000000,57.000000,117.000000
452.000000,423.000000,57.000000,117.000000
453.000000,412.000000,57.000000,117.000000
452.000000,386.000000,57.000000,117.000000
468.000000,357.000000,57.000000,117.000000
486.000000,352.000000,57.000000,117.000000
510.000000,378.000000,57.000000,117.000000
528.000000,399.000000,57.000000,117.000000
528.000000,406.000000,57.000000,117.000000
529.000000,397.000000,57.000000,117.000000
529.000000,390.000000,57.000000,117.000000
535.000000,380.000000,57.000000,117.000000
545.000000,365.000000,57.000000,117.000000
517.000000,365.000000,57.000000,117.000000
545.000000,359.000000,57.000000,117.000000
572.000000,353.000000,57.000000,117.000000
602.000000,365.000000,57.000000,117.000000
631.000000,370.000000,57.000000,117.000000
615.000000,384.000000,57.000000,117.000000
604.000000,391.000000,57.000000,117.000000
2
0
0
0
0
1
603.000000,151.000000,197.000000,347.000000
583.000000,159.000000,197.000000,347.000000
586.000000,155.000000,197.000000,347.000000
565.000000,176.000000,197.000000,347.000000
559.000000,185.000000,197.000000,347.000000
569.000000,154.000000,197.000000,347.000000
582.000000,136.000000,197.000000,347.000000
605.000000,117.000000,197.000000,347.000000
602.000000,125.000000,197.000000,347.000000
587.000000,122.000000,197.000000,347.000000
567.000000,96.000000,197.000000,347.000000
574.000000,87.000000,197.000000,347.000000
577.000000,79.000000,197.000000,347.000000
576.000000,77.000000,197.000000,347.000000
576.000000,74.000000,197.000000,347.000000
556.000000,86.000000,197.000000,347.000000
584.000000,69.000000,197.000000,347.000000
585.000000,85.000000,197.000000,347.000000
596.000000,88.000000,197.000000,347.000000
602.000000,99.000000,197.000000,347.000000
610.000000,109.000000,193.000000,341.000000
620.000000,117.000000,198.000000,349.000000
641.000000,132.000000,202.000000,355.000000
652.000000,155.000000,203.000000,358.000000
637.000000,161.000000,208.000000,366.000000
611.000000,147.000000,211.000000,372.000000
585.000000,163.000000,211.000000,372.000000
570.000000,179.000000,214.000000,378.000000
555.000000,207.000000,216.000000,380.000000
551.000000,244.000000,218.000000,384.000000
577.000000,258.000000,221.000000,389.000000
574.000000,248.000000,226.000000,398.000000
547.000000,244.000000,229.000000,403.000000
528.000000,232.000000,230.000000,406.000000
498.000000,220.000000,236.000000,416.000000
2
0
0
0
0
1
715.000000,349.000000,132.000000,302.000000
715.000000,343.000000,132.000000,302.000000
715.000000,346.000000,132.000000,302.000000
717.000000,345.000000,132.000000,302.000000
714.000000,349.000000,132.000000,302.000000
713.000000,347.000000,132.000000,302.000000
715.000000,347.000000,132.000000,302.000000
717.000000,346.000000,132.000000,302.000000
717.000000,346.000000,132.000000,302.000000
718.000000,340.000000,132.000000,302.000000
713.000000,335.000000,132.000000,302.000000
713.000000,335.000000,132.000000,302.000000
712.000000,340.000000,132.000000,302.000000
714.000000,344.000000,132.000000,302.000000
717.000000,353.000000,132.000000,302.000000
719.000000,348.000000,132.000000,302.000000
719.000000,344.000000,132.000000,302.000000
718.000000,339.000000,132.000000,302.000000
720.000000,344.000000,132.000000,302.000000
719.000000,346.000000,132.000000,302.000000
723.000000,344.000000,134.000000,307.000000
723.000000,343.000000,135.000000,309.000000
723.000000,341.000000,135.000000,309.000000
724.000000,337.000000,134.000000,308.000000
723.000000,334.000000,136.000000,310.000000
722.000000,334.000000,135.000000,309.000000
719.000000,333.000000,135.000000,308.000000
720.000000,332.000000,136.000000,311.000000
719.000000,345.000000,133.000000,305.000000
718.000000,347.000000,134.000000,306.000000
716.000000,347.000000,134.000000,306.000000
