1
184.000000,338.000000,57.000000,117.000000
190.000000,347.000000,57.000000,117.000000
194.000000,352.000000,57.000000,117.000000
202.000000,355.000000,57.000000,117.000000
211.000000,360.000000,57.000000,117.000000
226.000000,362.000000,57.000000,117.000000
239.000000,363.000000,57.000000,117.000000
253.000000,371.000000,57.000000,117.000000
263.000000,381.000000,57.000000,117.000000
276.000000,369.000000,57.000000,117.000000
288.000000,375.000000,57.000000,117.000000
301.000000,364.000000,57.000000,117.000000
320.000000,355.000000,57.000000,117.000000
339.000000,353.000000,57.000000,117.000000
357.000000,344.000000,57.000000,117.000000
380.000000,356.000000,57.000000,117.000000
392.000000,369.000000,57.000000,117.000000
410.000000,389.000000,57.000000,117.000000
421.000000,388.000000,57.000000,117.000000
441.000000,404.000000,57.000000,117.000000
454.000000,424.000000,57.000000,117.000000
454.000000,407.000000,57.000000,117.000000
453.000000,386.000000,57.000000,117.000000
468.000000,368.000000,57.000000,117.000000
486.000000,354.000000,57.000000,117.000000
506.000000,377.000000,57.000000,117.000000
524.000000,401.000000,57.000000,117.000000
528.000000,407.000000,57.000000,117.000000
529.000000,391.000000,57.000000,117.000000
530.000000,390.000000,57.000000,117.000000
537.000000,371.000000,57.000000,117.000000
545.000000,361.000000,57.000000,117.000000
520.000000,362.000000,57.000000,117.000000
543.000000,344.000000,57.000000,117.000000
579.000000,341.000000,57.000000,117.000000
608.000000,345.000000,57.000000,117.000000
628.000000,378.000000,57.000000,117.000000
615.000000,402.000000,57.000000,117.000000
601.000000,388.000000,57.000000,117.000000
2
0
0
0
0
1
599.000000,151.000000,197.000000,347.000000
582.000000,160.000000,197.000000,347.000000
588.000000,155.000000,197.000000,347.000000
558.000000,174.000000,197.000000,347.000000
560.000000,180.000000,197.000000,347.000000
563.000000,153.000000,197.000000,347.000000
585.000000,123.000000,197.000000,347.000000
604.000000,109.000000,197.000000,347.000000
599.000000,109.000000,197.000000,347.000000
593.000000,122.000000,197.000000,347.000000
573.000000,100.000000,197.000000,347.000000
566.000000,87.000000,197.000000,347.000000
578.000000,73.000000,197.000000,347.000000
573.000000,77.000000,197.000000,347.000000
576.000000,75.000000,197.000000,347.000000
557.000000,81.000000,197.000000,347.000000
582.000000,80.000000,197.000000,347.000000
584.000000,91.000000,197.000000,347.000000
599.000000,85.000000,197.000000,347.000000
605.000000,93.000000,197.000000,347.000000
609.000000,103.000000,194.000000,342.000000
630.000000,116.000000,196.000000,346.000000
641.000000,153.000000,197.000000,346.000000
643.000000,177.000000,201.000000,353.000000
633.000000,176.000000,205.000000,361.000000
605.000000,195.000000,206.000000,363.000000
574.000000,211.000000,207.000000,365.000000
575.000000,237.000000,211.000000,373.000000
584.000000,248.000000,216.000000,381.000000
599.000000,262.000000,220.000000,387.000000
589.000000,243.000000,226.000000,399.000000
580.000000,232.000000,231.000000,406.000000
555.000000,217.000000,235.000000,414.000000
537.000000,200.000000,239.000000,421.000000
519.000000,208.000000,242.000000,427.000000
493.000000,201.000000,246.000000,434.000000
465.000000,194.000000,252.000000,443.000000
2
0
0
0
0
1
727.000000,314.000000,105.000000,336.000000
727.000000,318.000000,105.000000,336.000000
727.000000,322.000000,105.000000,336.000000
725.000000,326.000000,105.000000,336.000000
724.000000,321.000000,105.000000,336.000000
726.000000,320.000000,105.000000,336.000000
726.000000,320.000000,105.000000,336.000000
728.000000,317.000000,105.000000,336.000000
726.000000,313.000000,105.000000,336.000000
725.000000,318.000000,105.000000,336.000000
723.000000,322.000000,105.000000,336.000000
725.000000,316.000000,105.000000,336.000000
727.000000,321.000000,105.000000,336.000000
728.000000,321.000000,105.000000,336.000000
727.000000,320.000000,105.000000,336.000000
728.000000,320.000000,105.000000,336.000000
731.000000,321.000000,105.000000,336.000000
730.000000,321.000000,105.000000,336.000000
733.000000,326.000000,105.000000,336.000000
736.000000,326.000000,105.000000,336.000000
735.000000,318.000000,106.000000,339.000000
736.000000,315.000000,106.000000,341.000000
739.000000,326.000000,106.000000,339.000000
737.000000,326.000000,106.000000,339.000000
736.000000,323.000000,107.000000,343.000000
736.000000,322.000000,107.000000,343.000000
732.000000,323.000000,106.000000,339.000000
730.000000,342.000000,106.000000,338.000000
731.000000,350.000000,104.000000,333.000000
