1
184.000000,338.000000,57.000000,117.000000
189.000000,347.000000,57.000000,117.000000
194.000000,351.000000,57.000000,117.000000
202.000000,357.000000,57.000000,117.000000
211.000000,355.000000,57.000000,117.000000
225.000000,362.000000,57.000000,117.000000
240.000000,365.000000,57.000000,117.000000
253.000000,373.000000,57.000000,117.000000
263.000000,379.000000,57.000000,117.000000
277.000000,370.000000,57.000000,117.000000
287.000000,377.000000,57.000000,117.000000
302.000000,361.000000,57.000000,117.000000
321.000000,356.000000,57.000000,117.000000
338.000000,357.000000,57.000000,117.000000
359.000000,353.000000,57.000000,117.000000
379.000000,363.000000,57.000000,117.000000
393.000000,378.000000,57.000000,117.000000
408.000000,388.000000,57.000000,117.000000
419.000000,391.000000,57.000000,117.000000
444.000000,408.000000,57.000000,117.000000
460.000000,422.000000,57.000000,117.000000
455.000000,415.000000,57.000000,117.000000
452.000000,392.000000,57.000000,117.000000
470.000000,362.000000,57.000000,117.000000
485.000000,356.000000,57.000000,117.000000
504.000000,379.000000,57.000000,117.000000
533.000000,405.000000,57.000000,117.000000
528.000000,406.000000,57.000000,117.000000
529.000000,397.000000,57.000000,117.000000
529.000000,392.000000,57.000000,117.000000
537.000000,381.000000,57.000000,117.000000
547.000000,363.000000,57.000000,117.000000
522.000000,348.000000,57.000000,117.000000
544.000000,328.000000,57.000000,117.000000
572.000000,327.000000,57.000000,117.000000
602.000000,333.000000,57.000000,117.000000
630.000000,342.000000,57.000000,117.000000
613.000000,365.000000,57.000000,117.000000
605.000000,392.000000,57.000000,117.000000
2
0
0
0
0
1
601.000000,156.000000,197.000000,347.000000
579.000000,161.000000,197.000000,347.000000
583.000000,155.000000,197.000000,347.000000
559.000000,177.000000,197.000000,347.000000
559.000000,179.000000,197.000000,347.000000
566.000000,144.000000,197.000000,347.000000
582.000000,125.000000,197.000000,347.000000
606.000000,103.000000,197.000000,347.000000
599.000000,109.000000,197.000000,347.000000
590.000000,122.000000,197.000000,347.000000
566.000000,100.000000,197.000000,347.000000
574.000000,86.000000,197.000000,347.000000
574.000000,73.000000,197.000000,347.000000
570.000000,83.000000,197.000000,347.000000
570.000000,78.000000,197.000000,347.000000
554.000000,81.000000,197.000000,347.000000
577.000000,74.000000,197.000000,347.000000
586.000000,85.000000,197.000000,347.000000
596.000000,90.000000,197.000000,347.000000
604.000000,99.000000,197.000000,347.000000
609.000000,102.000000,194.000000,343.000000
623.000000,122.000000,197.000000,347.000000
636.000000,132.000000,201.000000,355.000000
655.000000,150.000000,202.000000,356.000000
644.000000,171.000000,205.000000,361.000000
626.000000,146.000000,209.000000,368.000000
608.000000,158.000000,215.000000,379.000000
593.000000,181.000000,218.000000,383.000000
583.000000,207.000000,222.000000,391.000000
579.000000,217.000000,227.000000,399.000000
580.000000,228.000000,232.000000,408.000000
586.000000,229.000000,237.000000,418.000000
561.000000,218.000000,240.000000,423.000000
543.000000,200.000000,247.000000,435.000000
510.000000,207.000000,247.000000,435.000000
479.000000,207.000000,249.000000,439.000000
2
0
0
0
0
1
706.000000,281.000000,144.000000,371.000000
706.000000,285.000000,144.000000,371.000000
704.000000,289.000000,144.000000,371.000000
703.000000,290.000000,144.000000,371.000000
703.000000,289.000000,144.000000,371.000000
704.000000,287.000000,144.000000,371.000000
705.000000,287.000000,144.000000,371.000000
704.000000,287.000000,144.000000,371.000000
704.000000,280.000000,144.000000,371.000000
705.000000,279.000000,144.000000,371.000000
705.000000,280.000000,144.000000,371.000000
704.000000,279.000000,144.000000,371.000000
705.000000,284.000000,144.000000,371.000000
704.000000,288.000000,144.000000,371.000000
708.000000,288.000000,144.000000,371.000000
708.000000,288.000000,144.000000,371.000000
708.000000,288.000000,144.000000,371.000000
709.000000,289.000000,144.000000,371.000000
711.000000,289.000000,144.000000,371.000000
714.000000,290.000000,144.000000,371.000000
713.000000,279.000000,146.000000,375.000000
716.000000,279.000000,146.000000,375.000000
716.000000,272.000000,148.000000,381.000000
709.000000,271.000000,148.000000,382.000000
713.000000,269.000000,150.000000,385.000000
709.000000,262.000000,152.000000,392.000000
709.000000,259.000000,154.000000,397.000000
707.000000,264.000000,154.000000,396.000000
703.000000,269.000000,153.000000,394.000000
701.000000,262.000000,154.000000,397.000000
