1
183.000000,338.000000,57.000000,117.000000
189.000000,345.000000,57.000000,117.000000
194.000000,348.000000,57.000000,117.000000
202.000000,353.000000,57.000000,117.000000
210.000000,357.000000,57.000000,117.000000
225.000000,363.000000,57.000000,117.000000
239.000000,363.000000,57.000000,117.000000
252.000000,373.000000,57.000000,117.000000
262.000000,379.000000,57.000000,117.000000
276.000000,367.000000,57.000000,117.000000
288.000000,374.000000,57.000000,117.000000
303.000000,362.000000,57.000000,117.000000
320.000000,354.000000,57.000000,117.000000
338.000000,355.000000,57.000000,117.000000
357.000000,340.000000,57.000000,117.000000
378.000000,359.000000,57.000000,117.000000
393.000000,376.000000,57.000000,117.000000
408.000000,388.000000,57.000000,117.000000
419.000000,391.000000,57.000000,117.000000
438.000000,411.000000,57.000000,117.000000
459.000000,421.000000,57.000000,117.000000
455.000000,416.000000,57.000000,117.000000
452.000000,385.000000,57.000000,117.000000
468.000000,356.000000,57.000000,117.000000
486.000000,354.000000,57.000000,117.000000
512.000000,371.000000,57.000000,117.000000
530.000000,400.000000,57.000000,117.000000
528.000000,406.000000,57.000000,117.000000
528.000000,396.000000,57.000000,117.000000
530.000000,391.000000,57.000000,117.000000
535.000000,381.000000,57.000000,117.000000
543.000000,365.000000,57.000000,117.000000
520.000000,353.000000,57.000000,117.000000
544.000000,351.000000,57.000000,117.000000
579.000000,352.000000,57.000000,117.000000
610.000000,343.000000,57.000000,117.000000
635.000000,360.000000,57.000000,117.000000
615.000000,375.000000,57.000000,117.000000
602.000000,388.000000,57.000000,117.000000
2
0
0
0
0
1
601.000000,152.000000,197.000000,347.000000
582.000000,160.000000,197.000000,347.000000
587.000000,155.000000,197.000000,347.000000
566.000000,176.000000,197.000000,347.000000
559.000000,185.000000,197.000000,347.000000
567.000000,163.000000,197.000000,347.000000
583.000000,138.000000,197.000000,347.000000
595.000000,125.000000,197.000000,347.000000
590.000000,114.000000,197.000000,347.000000
593.000000,122.000000,197.000000,347.000000
566.000000,109.000000,197.000000,347.000000
568.000000,86.000000,197.000000,347.000000
574.000000,78.000000,197.000000,347.000000
576.000000,77.000000,197.000000,347.000000
576.000000,75.000000,197.000000,347.000000
557.000000,80.000000,197.000000,347.000000
587.000000,68.000000,197.000000,347.000000
585.000000,86.000000,197.000000,347.000000
596.000000,88.000000,197.000000,347.000000
605.000000,99.000000,197.000000,347.000000
608.000000,104.000000,194.000000,341.000000
627.000000,112.000000,196.000000,346.000000
640.000000,122.000000,200.000000,352.000000
648.000000,154.000000,202.000000,356.000000
631.000000,170.000000,207.000000,364.000000
601.000000,178.000000,209.000000,368.000000
572.000000,184.000000,210.000000,370.000000
575.000000,215.000000,212.000000,373.000000
572.000000,239.000000,213.000000,376.000000
592.000000,247.000000,216.000000,381.000000
597.000000,242.000000,222.000000,390.000000
580.000000,235.000000,225.000000,397.000000
562.000000,226.000000,230.000000,406.000000
536.000000,225.000000,234.000000,413.000000
520.000000,220.000000,237.000000,417.000000
509.000000,214.000000,242.000000,426.000000
475.000000,187.000000,242.000000,426.000000
2
0
0
0
0
1
728.000000,318.000000,105.000000,336.000000
728.000000,323.000000,105.000000,336.000000
728.000000,327.000000,105.000000,336.000000
725.000000,326.000000,105.000000,336.000000
725.000000,326.000000,105.000000,336.000000
727.000000,325.000000,105.000000,336.000000
728.000000,325.000000,105.000000,336.000000
726.000000,317.000000,105.000000,336.000000
724.000000,318.000000,105.000000,336.000000
723.000000,323.000000,105.000000,336.000000
723.000000,318.000000,105.000000,336.000000
725.000000,322.000000,105.000000,336.000000
727.000000,321.000000,105.000000,336.000000
730.000000,325.000000,105.000000,336.000000
730.000000,325.000000,105.000000,336.000000
730.000000,320.000000,105.000000,336.000000
731.000000,320.000000,105.000000,336.000000
731.000000,326.000000,105.000000,336.000000
735.000000,321.000000,105.000000,336.000000
734.000000,325.000000,105.000000,336.000000
737.000000,317.000000,106.000000,339.000000
740.000000,317.000000,106.000000,338.000000
738.000000,320.000000,107.000000,342.000000
738.000000,325.000000,107.000000,342.000000
735.000000,321.000000,109.000000,348.000000
736.000000,321.000000,108.000000,345.000000
733.000000,324.000000,106.000000,338.000000
731.000000,338.000000,105.000000,337.000000
732.000000,354.000000,104.000000,334.000000
