1
182.000000,338.000000,57.000000,117.000000
189.000000,347.000000,57.000000,117.000000
194.000000,351.000000,57.000000,117.000000
202.000000,357.000000,57.000000,117.000000
211.000000,355.000000,57.000000,117.000000
225.000000,363.000000,57.000000,117.000000
240.000000,364.000000,57.000000,117.000000
253.000000,372.000000,57.000000,117.000000
262.000000,379.000000,57.000000,117.000000
276.000000,367.000000,57.000000,117.000000
287.000000,378.000000,57.000000,117.000000
303.000000,359.000000,57.000000,117.000000
319.000000,357.000000,57.000000,117.000000
337.000000,357.000000,57.000000,117.000000
359.000000,348.000000,57.000000,117.000000
380.000000,369.000000,57.000000,117.000000
392.000000,376.000000,57.000000,117.000000
407.000000,387.000000,57.000000,117.000000
420.000000,388.000000,57.000000,117.000000
440.000000,404.000000,57.000000,117.000000
452.000000,423.000000,57.000000,117.000000
456.000000,412.000000,57.000000,117.000000
450.000000,388.000000,57.000000,117.000000
467.000000,369.000000,57.000000,117.000000
486.000000,359.000000,57.000000,117.000000
514.000000,377.000000,57.000000,117.000000
526.000000,403.000000,57.000000,117.000000
528.000000,407.000000,57.000000,117.000000
529.000000,391.000000,57.000000,117.000000
528.000000,391.000000,57.000000,117.000000
534.000000,382.000000,57.000000,117.000000
542.000000,367.000000,57.000000,117.000000
513.000000,361.000000,57.000000,117.000000
543.000000,348.000000,57.000000,117.000000
571.000000,339.000000,57.000000,117.000000
602.000000,354.000000,57.000000,117.000000
626.000000,367.000000,57.000000,117.000000
615.000000,387.000000,57.000000,117.000000
604.000000,393.000000,57.000000,117.000000
2
0
0
0
0
1
604.000000,151.000000,197.000000,347.000000
579.000000,164.000000,197.000000,347.000000
584.000000,160.000000,197.000000,347.000000
565.000000,183.000000,197.000000,347.000000
565.000000,185.000000,197.000000,347.000000
567.000000,154.000000,197.000000,347.000000
581.000000,139.000000,197.000000,347.000000
598.000000,120.000000,197.000000,347.000000
593.000000,114.000000,197.000000,347.000000
592.000000,122.000000,197.000000,347.000000
572.000000,107.000000,197.000000,347.000000
571.000000,92.000000,197.000000,347.000000
575.000000,73.000000,197.000000,347.000000
567.000000,82.000000,197.000000,347.000000
568.000000,78.000000,197.000000,347.000000
552.000000,86.000000,197.000000,347.000000
578.000000,72.000000,197.000000,347.000000
590.000000,86.000000,197.000000,347.000000
599.000000,83.000000,197.000000,347.000000
602.000000,99.000000,197.000000,347.000000
611.000000,102.000000,195.000000,343.000000
627.000000,130.000000,195.000000,343.000000
647.000000,156.000000,194.000000,342.000000
656.000000,166.000000,199.000000,351.000000
639.000000,171.000000,204.000000,359.000000
616.000000,157.000000,209.000000,368.000000
584.000000,182.000000,207.000000,364.000000
572.000000,208.000000,209.000000,369.000000
582.000000,240.000000,208.000000,366.000000
591.000000,247.000000,212.000000,373.000000
593.000000,259.000000,217.000000,383.000000
592.000000,263.000000,223.000000,392.000000
565.000000,254.000000,228.000000,402.000000
535.000000,235.000000,233.000000,410.000000
513.000000,219.000000,236.000000,416.000000
474.000000,226.000000,234.000000,413.000000
2
0
0
0
0
1
704.000000,281.000000,144.000000,371.000000
706.000000,285.000000,144.000000,371.000000
704.000000,285.000000,144.000000,371.000000
701.000000,290.000000,144.000000,371.000000
704.000000,288.000000,144.000000,371.000000
701.000000,287.000000,144.000000,371.000000
705.000000,287.000000,144.000000,371.000000
704.000000,287.000000,144.000000,371.000000
704.000000,286.000000,144.000000,371.000000
704.000000,280.000000,144.000000,371.000000
703.000000,280.000000,144.000000,371.000000
701.000000,286.000000,144.000000,371.000000
700.000000,284.000000,144.000000,371.000000
705.000000,283.000000,144.000000,371.000000
705.000000,282.000000,144.000000,371.000000
708.000000,288.000000,144.000000,371.000000
707.000000,289.000000,144.000000,371.000000
710.000000,288.000000,144.000000,371.000000
710.000000,289.000000,144.000000,371.000000
711.000000,290.000000,144.000000,371.000000
712.000000,284.000000,146.000000,377.000000
714.000000,280.000000,145.000000,373.000000
712.000000,277.000000,146.000000,376.000000
710.000000,278.000000,148.000000,381.000000
710.000000,275.000000,150.000000,386.000000
707.000000,267.000000,152.000000,391.000000
704.000000,267.000000,152.000000,392.000000
705.000000,264.000000,154.000000,396.000000
702.000000,270.000000,152.000000,393.000000
700.000000,274.000000,154.000000,396.000000
