1
183.000000,338.000000,57.000000,117.000000
189.000000,346.000000,57.000000,117.000000
194.000000,351.000000,57.000000,117.000000
202.000000,357.000000,57.000000,117.000000
211.000000,356.000000,57.000000,117.000000
224.000000,362.000000,57.000000,117.000000
239.000000,363.000000,57.000000,117.000000
254.000000,374.000000,57.000000,117.000000
262.000000,379.000000,57.000000,117.000000
276.000000,370.000000,57.000000,117.000000
287.000000,378.000000,57.000000,117.000000
302.000000,363.000000,57.000000,117.000000
320.000000,359.000000,57.000000,117.000000
337.000000,360.000000,57.000000,117.000000
357.000000,346.000000,57.000000,117.000000
377.000000,366.000000,57.000000,117.000000
393.000000,376.000000,57.000000,117.000000
410.000000,387.000000,57.000000,117.000000
418.000000,399.000000,57.000000,117.000000
435.000000,423.000000,57.000000,117.000000
455.000000,425.000000,57.000000,117.000000
454.000000,416.000000,57.000000,117.000000
450.000000,390.000000,57.000000,117.000000
467.000000,361.000000,57.000000,117.000000
486.000000,353.000000,57.000000,117.000000
506.000000,370.000000,57.000000,117.000000
532.000000,394.000000,57.000000,117.000000
529.000000,407.000000,57.000000,117.000000
530.000000,391.000000,57.000000,117.000000
529.000000,392.000000,57.000000,117.000000
536.000000,381.000000,57.000000,117.000000
546.000000,360.000000,57.000000,117.000000
513.000000,350.000000,57.000000,117.000000
537.000000,339.000000,57.000000,117.000000
566.000000,325.000000,57.000000,117.000000
599.000000,333.000000,57.000000,117.000000
627.000000,344.000000,57.000000,117.000000
620.000000,374.000000,57.000000,117.000000
605.000000,390.000000,57.000000,117.000000
2
0
0
0
0
1
596.000000,151.000000,197.000000,347.000000
578.000000,155.000000,197.000000,347.000000
584.000000,155.000000,197.000000,347.000000
563.000000,174.000000,197.000000,347.000000
562.000000,174.000000,197.000000,347.000000
569.000000,153.000000,197.000000,347.000000
584.000000,128.000000,197.000000,347.000000
598.000000,109.000000,197.000000,347.000000
593.000000,104.000000,197.000000,347.000000
596.000000,128.000000,197.000000,347.000000
575.000000,114.000000,197.000000,347.000000
568.000000,87.000000,197.000000,347.000000
574.000000,73.000000,197.000000,347.000000
569.000000,83.000000,197.000000,347.000000
566.000000,78.000000,197.000000,347.000000
555.000000,87.000000,197.000000,347.000000
587.000000,85.000000,197.000000,347.000000
587.000000,91.000000,197.000000,347.000000
597.000000,88.000000,197.000000,347.000000
602.000000,98.000000,197.000000,347.000000
606.000000,105.000000,192.000000,338.000000
617.000000,132.000000,194.000000,341.000000
627.000000,151.000000,197.000000,347.000000
641.000000,175.000000,200.000000,353.000000
639.000000,157.000000,207.000000,365.000000
617.000000,157.000000,213.000000,375.000000
588.000000,165.000000,212.000000,374.000000
567.000000,178.000000,217.000000,382.000000
568.000000,199.000000,221.000000,388.000000
586.000000,210.000000,225.000000,397.000000
590.000000,223.000000,230.000000,405.000000
583.000000,216.000000,236.000000,416.000000
567.000000,206.000000,243.000000,427.000000
542.000000,201.000000,247.000000,434.000000
518.000000,196.000000,250.000000,441.000000
488.000000,201.000000,251.000000,443.000000
460.000000,207.000000,253.000000,446.000000
2
0
0
0
0
1
728.000000,313.000000,105.000000,336.000000
725.000000,318.000000,105.000000,336.000000
726.000000,327.000000,105.000000,336.000000
723.000000,321.000000,105.000000,336.000000
726.000000,326.000000,105.000000,336.000000
726.000000,320.000000,105.000000,336.000000
726.000000,325.000000,105.000000,336.000000
726.000000,317.000000,105.000000,336.000000
723.000000,318.000000,105.000000,336.000000
721.000000,318.000000,105.000000,336.000000
723.000000,316.000000,105.000000,336.000000
725.000000,326.000000,105.000000,336.000000
729.000000,321.000000,105.000000,336.000000
730.000000,321.000000,105.000000,336.000000
728.000000,320.000000,105.000000,336.000000
727.000000,325.000000,105.000000,336.000000
734.000000,321.000000,105.000000,336.000000
730.000000,321.000000,105.000000,336.000000
734.000000,321.000000,105.000000,336.000000
735.000000,326.000000,105.000000,336.000000
737.000000,318.000000,106.000000,339.000000
740.000000,317.000000,106.000000,338.000000
739.000000,312.000000,108.000000,346.000000
738.000000,322.000000,109.000000,350.000000
735.000000,316.000000,108.000000,347.000000
735.000000,322.000000,107.000000,343.000000
734.000000,318.000000,106.000000,340.000000
731.000000,339.000000,106.000000,338.000000
731.000000,344.000000,104.000000,334.000000
